cupping_id,total_cup_points,grading_date,aroma,flavor,aftertaste,acidity,body,balance,uniformity,clean_cup,sweetness,cupper_points,moisture,category_one_defects,quakers,category_two_defects
0001,90.58,2015-04-04,8.67,8.83,8.67,8.75,8.5,8.42,10,10,10,8.75,0.12,0,0,0
0002,89.92,2015-04-04,8.75,8.67,8.5,8.58,8.42,8.42,10,10,10,8.58,0.12,0,0,1
0003,89.75,2010-05-31,8.42,8.5,8.42,8.42,8.33,8.42,10,10,10,9.25,0,0,0,0
0004,89,2015-03-26,8.17,8.58,8.42,8.42,8.5,8.25,10,10,10,8.67,0.11,0,0,2
0005,88.83,2015-04-04,8.25,8.5,8.25,8.5,8.42,8.33,10,10,10,8.58,0.12,0,0,2
0006,88.83,,8.58,8.42,8.42,8.5,8.25,8.33,10,10,10,8.33,0.11,0,0,1
0007,88.75,2012-09-17,8.42,8.5,8.33,8.5,8.25,8.25,10,10,10,8.5,0.11,0,0,0
0008,88.67,,8.25,8.33,8.5,8.42,8.33,8.5,10,10,9.33,9,0.03,0,0,0
0009,88.42,,8.67,8.67,8.58,8.42,8.33,8.42,9.33,10,9.33,8.67,0.03,0,0,0
0010,88.25,2015-03-30,8.08,8.58,8.5,8.5,7.67,8.42,10,10,10,8.5,0.1,0,0,4
0011,88.08,2015-03-27,8.17,8.67,8.25,8.5,7.75,8.17,10,10,10,8.58,0.1,0,0,1
0012,87.92,2015-03-13,8.25,8.42,8.17,8.33,8.08,8.17,10,10,10,8.5,0,0,0,0
0013,87.92,2015-03-13,8.08,8.67,8.33,8.42,8,8.08,10,10,10,8.33,0,0,0,0
0014,87.92,2010-05-31,8.33,8.42,8.08,8.25,8.25,8,10,10,10,8.58,0,0,0,2
0015,87.83,2010-08-31,8.25,8.33,8.5,8.25,8.58,8.75,9.33,10,9.33,8.5,0.05,0,0,2
0016,87.58,2015-03-13,8,8.5,8.58,8.17,8.17,8,10,10,10,8.17,0,0,0,0
0017,87.42,2010-05-31,8.33,8.25,7.83,7.75,8.5,8.42,10,10,10,8.33,0.03,0,0,0
0018,87.33,2010-06-16,8.17,8.33,8.25,8.33,8.42,8.33,9.33,10,9.33,8.83,0.05,0,0,2
0019,87.25,2016-04-07,8.42,8.25,8.08,8.17,7.92,8,10,10,10,8.42,0.1,0,0,0
0020,87.25,2015-03-25,8.17,8.17,8,8.17,8.08,8.33,10,10,10,8.33,0,0,0,8
0021,87.25,2015-03-13,8,8.25,8.08,8.5,8.25,8,10,10,10,8.17,0,0,0,0
0022,87.17,,8.08,8.25,8,8.17,8,8.33,10,10,10,8.33,0.11,0,0,2
0023,87.17,2012-07-26,8.17,8.25,8.17,8,7.83,8.17,10,10,10,8.58,0.13,0,0,0
0024,87.08,2015-03-13,8.25,8.33,8.17,8.17,7.83,8.17,10,10,10,8.17,0,0,0,0
0025,87.08,,8.42,8.17,7.92,8.17,8.33,8,10,10,10,8.08,0.11,0,0,1
0026,86.92,,8.5,8.5,8,8,8,8,10,10,10,7.92,0.12,0,0,2
0027,86.92,2010-06-16,7.83,8.25,8.08,8.17,8.17,8.17,10,10,10,8.25,0.05,0,0,2
0028,86.83,2014-06-26,8.42,8.17,8.17,8.17,7.83,7.92,10,10,10,8.17,0.12,0,0,1
0029,86.67,2017-05-18,8.17,8.08,8.08,8,8.08,8,10,10,10,8.25,0.1,0,0,3
0030,86.58,2016-05-18,8,8,8,8.25,8,8.17,10,10,10,8.17,0,0,0,0
0031,86.58,2010-05-18,7.92,8.25,8,8.33,8,8.08,10,10,10,8,0.08,0,0,2
0032,86.5,,8.42,8.17,8.17,8,7.58,8,10,10,10,8.17,0.11,0,0,1
0033,86.42,,8.5,8.17,8,7.75,8,8,10,10,10,8,0.12,0,0,2
0034,86.33,,8.17,7.83,8,8.08,7.83,8,10,10,10,8.42,0,0,0,0
0035,86.25,2015-03-27,8,8.08,7.92,8,8.08,8.08,10,10,10,8.08,0.1,0,0,3
0036,86.25,2014-05-30,8.08,8,8,8.25,7.92,7.92,10,10,10,8.08,0.12,0,0,1
0037,86.25,2012-04-06,8.08,8.17,8,7.92,7.92,7.83,10,10,10,8.33,0,1,0,4
0038,86.25,2011-01-28,8.25,8.42,8.08,7.75,7.67,7.83,10,10,10,8.25,0,2,0,1
0039,86.25,2010-06-17,7.92,7.75,8.08,8.08,8.08,8.17,10,10,10,8.17,0.1,0,0,2
0040,86.17,2015-03-13,7.67,8.17,8,8,8.17,8.08,10,10,10,8.08,0,0,0,0
0041,86.17,2012-04-12,7.83,8.33,7.83,8.25,7.58,7.92,10,10,10,8.42,0.1,1,0,9
0042,86.17,2011-01-04,8.17,7.92,7.92,7.75,8.33,8,10,10,10,8.08,0.08,0,0,2
0043,86.17,2011-01-04,8.42,7.92,8,7.75,7.92,8,10,10,10,8.17,0.01,0,0,3
0044,86.08,2015-06-10,8.08,8.17,7.75,8.08,7.75,7.83,10,10,10,8.42,0.12,0,0,0
0045,86.08,2015-01-29,8.08,8.08,8,8,7.83,8.08,10,10,10,8,0.11,0,0,2
0046,86.08,,8.33,8,8,8,7.75,8,10,10,10,8,0.11,0,0,2
0047,86,2014-10-01,8.08,8.08,7.83,7.92,8.08,7.92,10,10,10,8.08,0,0,0,0
0048,86,2014-03-20,7.75,7.92,7.83,8.08,8.08,8.17,10,10,10,8.17,0.12,1,0,1
0049,86,2014-02-06,7.92,8.17,7.83,8.5,7.5,7.92,10,10,10,8.17,0.11,0,0,1
0050,86,2012-02-13,8.25,8,7.83,8.08,8,7.92,10,10,10,7.92,0.1,0,0,0
0051,86,2010-06-17,7.75,8.08,8,8.25,8,8,10,10,10,7.92,0.01,0,0,4
0052,86,2010-05-31,8.33,8.17,7.75,8,7.75,7.83,10,10,10,8.17,0,0,0,0
0053,85.92,2016-05-16,7.92,8.08,7.92,8.08,8.08,7.83,10,10,10,8,0.1,0,1,3
0054,85.92,2014-06-30,8.17,8.17,7.92,8.08,7.83,7.75,10,10,10,8,0.12,0,0,0
0055,85.92,2013-07-26,8,8,8,8.17,7.83,8,10,10,10,7.92,0,1,0,0
0056,85.83,2017-10-09,8,8,7.92,8.08,7.83,8,10,10,10,8,0.08,0,1,0
0057,85.83,2015-04-04,7.83,8.08,7.92,8.08,8,7.92,10,10,10,8,0.1,0,0,4
0058,85.83,,7.83,8,8,8.17,7.83,8,10,10,10,8,0.12,0,0,3
0059,85.83,2012-06-05,8,8,7.83,8.33,7.83,7.83,10,10,10,8,0.1,0,0,1
0060,85.75,,7.83,8,7.83,8.17,7.92,8,10,10,10,8,0.09,0,4,7
0061,85.75,,8,8,8,8.08,7.92,7.75,10,10,10,8,0.1,4,0,6
0062,85.75,2012-10-25,8.33,8.42,7.83,8.33,8,8.25,9.33,9.33,10,7.92,0.12,0,0,1
0063,85.58,2013-03-18,7.92,8.17,8,7.92,7.75,7.83,10,10,10,8,0.1,0,0,3
0064,85.58,2013-01-12,7.83,8,8,7.75,7.92,8.17,10,10,10,7.92,0.11,0,0,0
0065,85.58,2012-04-06,7.83,8,7.92,7.75,8.08,8,10,10,10,8,0,0,0,1
0066,85.5,,8,7.75,7.83,7.83,7.67,8.58,10,10,10,7.83,0.09,2,0,2
0067,85.5,,7.92,7.92,7.83,8.08,7.83,7.92,10,10,10,8,0.1,0,0,3
0068,85.5,2015-03-31,7.83,8,7.83,7.92,7.83,8.08,10,10,10,8,0.12,0,0,7
0069,85.5,2014-06-26,8.33,7.92,7.67,7.92,7.67,7.92,10,10,10,8.08,0.12,0,0,1
0070,85.5,2013-02-26,8,7.83,7.67,8.33,7.83,8,10,10,10,7.83,0.11,0,0,1
0071,85.42,2015-03-31,7.75,7.83,7.83,8.17,7.92,7.83,10,10,10,8.08,0.1,0,0,18
0072,85.42,2014-06-26,8.08,8,7.83,7.67,8,7.83,10,10,10,8,0.12,0,0,5
0073,85.42,2012-04-06,7.92,7.92,7.75,7.92,7.75,7.92,10,10,10,8.25,0,4,0,6
0074,85.42,,8,8,8,7.67,7.75,8,10,10,10,8,0.11,0,0,1
0075,85.42,2010-05-31,8.08,7.83,7.83,8.08,7.83,7.83,10,10,10,7.92,0.01,0,0,0
0076,85.33,2016-04-06,8,8,8,7.83,7.83,7.75,10,10,10,7.92,0.1,0,0,0
0077,85.33,,7.83,7.75,7.83,7.67,7.83,8.58,10,10,10,7.83,0.11,0,0,1
0078,85.33,2014-05-01,7.92,8.08,8,7.92,8,8.08,10,10,9.33,8,0,0,0,0
0079,85.33,2014-05-01,8,7.58,7.58,7.67,8.08,8.5,10,10,10,7.92,0.1,0,0,2
0080,85.33,2013-04-19,7.83,8.08,7.75,8.08,7.92,7.75,10,10,10,7.92,0,0,0,2
0081,85.33,2013-03-12,8,7.92,7.92,8.08,7.83,7.75,10,10,10,7.83,0,0,0,6
0082,85.33,2010-06-17,7.83,7.83,7.92,8.08,7.75,7.83,10,10,10,8.08,0.05,0,0,2
0083,85.33,2010-06-17,7.92,7.83,7.75,8.33,7.75,7.75,10,10,10,8,0.1,0,0,3
0084,85.25,2016-04-27,8,7.92,7.75,8,7.92,7.83,10,10,10,7.83,0.1,0,2,2
0085,85.25,2015-04-08,8.17,7.92,7.83,8,7.58,7.83,10,10,10,7.92,0.11,0,0,0
0086,85.25,2014-01-17,7.58,8.08,7.92,7.83,8,7.92,10,10,10,7.92,0.12,0,0,2
0087,85.17,2012-11-26,7.75,7.83,7.67,8,8.08,7.83,10,10,10,8,0.11,0,0,3
0088,85.17,2012-01-18,8.25,8,7.67,7.92,7.75,7.67,10,10,10,7.92,0,0,0,7
0089,85.08,2016-08-09,7.75,8,7.58,8,8,7.92,10,10,10,7.83,0.11,0,1,8
0090,85.08,2015-08-18,8.17,7.83,7.58,8.08,8,7.75,10,10,10,7.67,0,0,0,0
0091,85.08,2014-10-07,8.42,8,7.42,8,7.92,7.92,9.33,10,10,8.08,0.1,2,0,7
0092,85.08,2014-03-10,7.58,7.83,7.83,7.92,7.83,8.17,10,10,10,7.92,0.11,2,0,2
0093,85.08,2012-03-16,7.83,8,7.75,7.75,7.83,7.83,10,10,10,8.08,0.11,0,0,8
0094,85.08,2010-12-27,8.08,8.17,7.92,8,8.08,8,9.33,9.33,10,8.17,0.01,1,0,7
0095,85.08,2010-06-17,7.67,8,7.83,8,7.92,7.83,10,10,10,7.83,0,0,0,5
0096,85.08,2010-05-17,7.5,7.92,8.25,7.83,7.92,7.75,10,10,10,7.92,0,0,0,0
0097,85,2017-07-24,8.17,7.92,7.75,7.75,7.67,7.75,10,10,10,8,0.11,0,0,1
0098,85,2017-02-15,8,7.92,7.75,7.92,7.75,7.83,10,10,10,7.83,0,0,0,3
0099,85,2017-01-30,7.83,8,7.58,7.92,7.92,7.83,10,10,10,7.92,0.12,1,1,1
0100,85,2016-09-21,7.83,8,7.83,7.75,7.67,7.83,10,10,10,8.08,0.09,0,0,3
0101,85,2016-05-07,8.17,7.83,7.92,7.75,7.67,7.83,10,10,10,7.83,0.11,0,5,7
0102,85,2013-04-19,7.75,7.83,7.75,8.08,8,7.75,10,10,10,7.83,0,0,0,5
0103,85,2012-02-29,8,8,7.83,7.83,7.67,7.67,10,10,10,8,0.12,0,0,3
0104,85,2011-04-06,7.92,8.17,7.75,8.08,7.42,7.83,10,10,10,7.83,0,0,0,0
0105,85,2011-02-24,7.75,7.92,7.75,7.75,8,8,10,10,10,7.83,0,0,0,1
0106,85,2010-09-07,7.83,8.08,7.67,8,7.75,7.67,10,10,10,8,0.04,0,0,1
0107,84.92,2016-11-25,7.92,7.92,7.67,7.83,7.92,7.83,10,10,10,7.83,0,1,6,2
0108,84.92,2015-10-26,7.92,7.83,7.75,7.83,7.75,8,10,10,10,7.83,0.12,0,0,1
0109,84.92,2015-06-09,7.67,7.83,8,7.58,8,7.92,10,10,10,7.92,0.11,0,0,0
0110,84.92,2014-12-12,8,7.83,7.83,7.92,7.75,7.75,10,10,10,7.83,0.12,0,0,2
0111,84.92,2012-12-11,7.75,7.92,7.83,7.75,7.75,8,10,10,10,7.92,0.11,0,0,3
0112,84.92,2012-07-11,7.75,8,7.75,7.83,7.5,7.92,10,10,10,8.17,0.11,0,0,0
0113,84.92,,8,7.92,7.75,7.75,8,7.75,10,10,10,7.75,0.11,0,0,2
0114,84.92,,8,8,7.75,8,7.5,7.75,10,10,10,7.92,0.12,0,0,2
0115,84.92,2010-08-26,8,7.67,7.83,8.17,7.92,7.75,10,10,10,7.58,0.06,1,0,9
0116,84.83,2016-05-18,7.92,7.58,7.83,7.83,7.83,7.83,10,10,10,8,0,0,0,0
0117,84.83,2014-06-30,7.75,7.92,7.67,7.67,8.25,7.75,10,10,10,7.83,0.12,0,0,1
0118,84.83,2012-04-06,7.67,7.75,7.75,7.75,7.83,8,10,10,10,8.08,0,3,0,15
0119,84.83,2010-06-17,7.75,7.92,7.83,7.92,7.75,7.67,10,10,10,8,0.1,0,0,2
0120,84.83,2010-06-17,7.42,7.92,7.92,8,7.83,7.83,10,10,10,7.92,0.1,0,0,4
0121,84.75,2016-06-27,7.75,7.75,7.75,7.75,8,7.75,10,10,10,8,0.12,0,0,0
0122,84.75,,7.92,7.83,7.58,7.92,7.75,7.83,10,10,10,7.92,0.13,0,0,0
0123,84.75,2014-04-25,7.83,7.75,8,7.67,7.67,7.67,10,10,10,8.17,0.11,0,0,4
0124,84.75,,7.75,8,8,8.33,7.67,7.92,10,10,9.33,7.75,0.15,0,0,3
0125,84.75,2010-05-31,7.83,7.58,7.58,7.83,7.75,7.67,10,10,10,8.5,0.18,0,0,2
0126,84.67,2017-06-26,7.83,7.83,7.5,8,7.83,7.67,10,10,10,8,0,0,0,2
0127,84.67,2016-11-24,7.92,7.83,7.75,7.75,7.75,7.75,10,10,10,7.92,0.12,0,0,7
0128,84.67,,7.75,7.75,7.75,7.42,8.08,7.83,10,10,10,8.08,0.12,0,0,0
0129,84.67,2016-10-04,8.08,7.75,7.67,7.83,7.5,7.92,10,10,10,7.92,0.1,0,0,2
0130,84.67,2016-06-01,7.75,7.83,7.58,8,7.92,7.75,10,10,10,7.83,0.1,0,0,1
0131,84.67,2015-07-06,8.17,8,7.83,7.17,7.83,7.75,10,10,10,7.92,0.12,0,0,0
0132,84.67,,8.08,7.83,7.75,7.83,7.58,7.67,10,10,10,7.92,0.1,0,0,3
0133,84.67,,7.67,7.58,7.75,7.75,7.67,8.58,10,10,10,7.67,0.08,0,0,1
0134,84.67,2014-03-05,8,7.58,7.83,7.75,7.75,7.75,10,10,10,8,0.11,0,0,4
0135,84.67,,8.08,7.83,7.75,7.83,7.92,8,10,10,9.33,7.92,0,1,0,10
0136,84.67,2013-12-26,8,7.92,7.75,7.75,7.75,7.75,10,10,10,7.75,0.11,0,0,0
0137,84.67,2013-12-20,7.75,7.83,7.75,7.83,7.75,7.83,10,10,10,7.92,0,0,0,0
0138,84.67,2012-09-16,7.75,7.92,7.83,8,7.58,7.75,10,10,10,7.83,0.11,0,0,0
0139,84.67,2012-07-17,8,7.83,7.67,7.83,7.67,8,10,10,10,7.67,0.11,0,0,4
0140,84.67,,7.67,7.83,7.67,8,7.67,7.83,10,10,10,8,0.12,0,0,4
0141,84.67,,7.83,7.58,7.67,7.92,7.92,7.83,10,10,10,7.92,0.13,0,0,3
0142,84.67,2012-02-13,7.92,7.83,7.75,7.92,7.67,7.75,10,10,10,7.83,0.11,0,0,3
0143,84.67,2011-06-14,7.67,7.83,7.75,7.75,7.92,7.83,10,10,10,7.92,0,0,0,3
0144,84.67,2010-06-17,7.42,7.75,7.75,8,8,7.92,10,10,10,7.83,0.2,0,0,3
0145,84.58,2018-01-11,7.92,7.75,7.83,7.75,7.58,7.92,10,10,10,7.83,0.11,0,0,5
0146,84.58,2017-01-10,7.83,7.67,7.58,7.92,7.67,7.83,10,10,10,8.08,0,0,0,4
0147,84.58,2016-12-28,7.92,7.83,7.58,8,7.83,7.67,10,10,10,7.75,0,0,1,5
0148,84.58,2014-07-21,7.83,7.83,7.83,7.75,7.58,7.83,10,10,10,7.92,0.1,0,0,2
0149,84.58,2014-05-29,7.75,7.83,7.67,7.92,7.75,7.83,10,10,10,7.83,0.11,0,0,1
0150,84.58,2014-03-24,8,7.92,7.67,7.58,7.58,7.67,10,10,10,8.17,0.09,0,0,0
0151,84.58,2013-12-20,7.67,7.67,7.58,7.75,7.58,8.5,10,10,10,7.83,0,0,0,0
0152,84.58,2013-12-06,7.75,7.75,7.83,7.75,7.58,8,10,10,10,7.92,0,0,0,5
0153,84.58,2013-08-30,7.75,7.75,7.75,8.08,7.75,7.75,10,10,10,7.75,0,0,0,0
0154,84.58,2013-07-17,7.67,7.83,7.83,8,7.58,7.92,10,10,10,7.75,0,0,0,2
0155,84.58,2013-03-12,7.75,7.83,7.75,8,7.83,7.67,10,10,10,7.75,0.12,0,0,2
0156,84.58,2012-10-09,7.42,7.67,7.75,7.75,8.08,7.83,10,10,10,8.08,0.11,0,0,6
0157,84.58,,8,8,7.75,7.75,7.58,7.75,10,10,10,7.75,0.12,0,0,2
0158,84.58,,8.5,8,7.5,7.75,7.5,7.83,10,10,10,7.5,0.11,0,0,1
0159,84.5,2017-11-28,7.92,7.67,7.92,7.75,7.67,7.58,10,10,10,8,0.1,0,0,2
0160,84.5,2017-03-14,7.92,7.75,7.67,7.75,7.83,7.75,10,10,10,7.83,0.11,0,0,1
0161,84.5,2016-04-06,7.75,7.92,7.67,7.83,7.75,7.67,10,10,10,7.92,0.1,0,0,1
0162,84.5,2015-07-06,7.92,7.83,7.83,7.83,7.58,7.58,10,10,10,7.92,0.11,0,0,0
0163,84.5,2015-06-05,8.08,7.67,7.83,7.83,7.67,7.67,10,10,10,7.75,0.12,1,0,0
0164,84.5,2014-06-16,7.67,8,7.75,7.83,7.75,7.58,10,10,10,7.92,0,0,0,2
0165,84.5,2013-02-26,8.17,7.83,7.67,7.83,7.67,7.83,10,10,10,7.5,0.11,0,0,2
0166,84.5,2012-09-16,7.92,7.83,7.67,8,7.67,7.75,10,10,10,7.67,0.11,0,0,0
0167,84.5,2012-07-11,8,7.92,7.42,8.08,7.5,7.67,10,10,10,7.92,0.12,0,0,0
0168,84.5,2012-06-06,7.92,7.83,7.75,7.75,7.75,7.83,10,10,10,7.67,0.11,0,0,4
0169,84.5,2012-02-16,7.67,8,7.67,8,7.5,7.83,10,10,10,7.83,0.11,0,0,2
0170,84.5,,7.81,7.81,7.88,7.75,7.38,8.25,9.5,10,10,8.13,0,0,0,4
0171,84.5,,8.17,7.67,7.75,7.75,7.67,7.75,10,10,10,7.75,0,2,0,0
0172,84.42,,7.58,7.83,7.83,8,7.67,7.58,10,10,10,7.92,0.1,0,0,3
0173,84.42,2017-03-14,7.67,7.67,7.83,7.58,7.83,7.83,10,10,10,8,0,0,0,3
0174,84.42,2016-01-25,7.92,7.83,7.75,7.67,7.92,7.67,10,10,10,7.67,0,0,0,1
0175,84.42,2014-07-09,7.92,7.75,7.67,7.92,7.67,7.75,10,10,10,7.75,0,0,0,3
0176,84.42,2013-07-10,7.83,7.83,7.75,8,7.5,7.75,10,10,10,7.75,0.11,0,0,0
0177,84.42,2013-01-21,7.92,7.92,7.5,7.83,7.5,7.92,10,10,10,7.83,0.11,0,0,1
0178,84.42,2012-06-06,7.75,7.92,7.75,7.67,7.83,7.67,10,10,10,7.83,0.12,2,0,4
0179,84.42,2010-06-17,7.5,7.75,7.83,7.92,7.92,7.75,10,10,10,7.75,0.2,0,0,2
0180,84.33,,7.33,7.58,7.83,7.75,7.75,7.92,10,10,10,8.17,0.11,0,0,4
0181,84.33,2017-05-11,7.92,8,7.75,7.67,7.67,7.75,10,10,10,7.58,0.1,0,0,3
0182,84.33,2017-02-20,7.58,7.75,7.5,7.83,7.67,8.5,10,10,10,7.5,0,0,3,5
0183,84.33,2016-04-04,7.58,7.92,7.58,7.75,7.92,7.75,10,10,10,7.83,0.11,0,1,2
0184,84.33,2016-02-16,7.67,7.67,7.75,7.83,7.75,7.83,10,10,10,7.83,0,0,2,4
0185,84.33,2015-04-29,7.75,7.67,8,7.67,8.08,7.83,10,10,10,7.33,0.11,6,0,0
0186,84.33,2013-07-19,7.75,7.58,7.33,7.83,7.58,8.08,10,10,10,8.17,0,0,0,0
0187,84.33,2012-07-27,8,7.75,7.75,7.83,7.5,7.67,10,10,10,7.83,0.12,0,0,1
0188,84.33,2011-10-28,8.17,8,7.5,7.75,7.5,7.67,10,10,10,7.75,0,0,0,4
0189,84.33,2011-10-28,8,8,7.5,7.5,7.67,7.75,10,10,10,7.92,0.02,0,0,2
0190,84.33,2011-06-14,7.75,7.75,7.92,7.75,7.5,7.92,10,10,10,7.75,0,0,0,1
0191,84.33,2010-04-30,7.5,7.67,7.75,7.67,7.92,7.92,10,10,10,7.92,0.04,1,0,1
0192,84.25,2017-08-10,7.92,7.75,7.75,7.67,7.67,7.83,10,10,10,7.67,0.12,0,0,0
0193,84.25,,7.83,7.75,7.75,7.42,7.83,7.67,10,10,10,8,0.12,0,0,0
0194,84.25,2016-08-05,7.83,7.58,7.75,7.58,7.67,8,10,10,10,7.83,0.11,0,0,2
0195,84.25,,7.75,7.75,7.58,7.92,7.75,7.75,10,10,10,7.75,0.11,0,4,4
0196,84.25,2016-04-06,7.75,7.92,7.5,8.08,7.58,7.67,10,10,10,7.75,0.1,0,0,1
0197,84.25,2016-04-06,7.83,7.83,7.58,7.75,7.75,7.75,10,10,10,7.75,0.1,0,0,1
0198,84.25,2015-11-19,7.67,7.67,7.75,7.75,7.67,7.92,10,10,10,7.83,0.11,0,0,3
0199,84.25,2015-10-26,7.83,7.67,7.75,7.58,7.92,7.75,10,10,10,7.75,0.12,4,0,2
0200,84.25,2015-06-05,7.83,7.75,7.83,7.58,7.67,7.75,10,10,10,7.83,0.12,0,0,0
0201,84.25,2015-04-29,7.42,7.67,7.83,7.75,7.92,7.83,10,10,10,7.83,0.12,3,0,0
0202,84.25,2014-12-12,7.83,7.67,7.75,7.83,7.67,7.67,10,10,10,7.83,0.12,0,0,7
0203,84.25,2014-12-12,7.83,7.75,7.75,7.75,7.67,7.75,10,10,10,7.75,0.12,0,0,2
0204,84.25,2014-08-21,7.83,7.83,7.5,7.92,7.58,7.75,10,10,10,7.83,0.1,0,0,1
0205,84.25,2013-10-01,7.58,7.5,7.75,7.83,7.92,7.83,10,10,10,7.83,0.11,0,0,2
0206,84.25,2012-12-11,7.33,7.92,7.92,7.92,7.92,8.08,10,10,9.33,7.83,0.11,1,0,1
0207,84.25,2012-09-11,7.83,7.92,7.67,7.83,7.5,7.75,10,10,10,7.75,0.12,0,0,1
0208,84.25,2012-04-09,7.83,7.83,7.75,7.67,7.83,7.58,10,10,10,7.75,0.12,0,0,0
0209,84.25,,7.83,7.92,7.67,7.75,7.5,7.75,10,10,10,7.83,0.1,0,0,4
0210,84.25,2012-02-13,8.17,7.75,7.58,7.67,7.83,7.58,10,10,10,7.67,0.13,4,0,29
0211,84.17,2017-06-01,7.75,7.83,7.58,7.83,7.67,7.75,10,10,10,7.75,0.13,0,0,1
0212,84.17,2016-08-19,7.83,7.75,7.58,7.67,7.75,7.83,10,10,10,7.75,0,0,0,2
0213,84.17,2016-08-19,7.92,7.75,7.67,7.67,7.5,7.67,10,10,10,8,0.09,0,0,2
0214,84.17,,7.75,7.75,7.58,8,7.67,7.83,10,10,10,7.58,0.11,0,0,6
0215,84.17,2016-06-01,7.75,7.92,7.58,7.92,7.67,7.67,10,10,10,7.67,0.1,0,1,10
0216,84.17,2016-06-01,7.58,7.83,7.58,7.83,7.83,7.67,10,10,10,7.83,0.1,0,0,2
0217,84.17,2015-08-18,8,7.5,7.5,7.67,8,7.83,10,10,10,7.67,0,0,0,0
0218,84.17,,7.67,7.83,7.83,7.5,7.67,7.83,10,10,10,7.83,0.12,0,0,0
0219,84.17,2015-04-24,7.67,7.75,7.75,7.67,7.83,7.75,10,10,10,7.75,0,0,0,16
0220,84.17,2015-04-10,7.67,7.75,7.67,7.75,7.5,8,10,10,10,7.83,0,0,0,0
0221,84.17,2015-03-26,7.5,7.92,7.58,7.83,7.75,7.83,10,10,10,7.75,0.1,0,0,5
0222,84.17,2014-12-12,7.92,7.75,7.75,7.75,7.75,7.58,10,10,10,7.67,0.13,0,0,0
0223,84.17,2014-10-15,7.67,7.5,7.67,7.42,7.83,8.58,10,10,10,7.5,0.12,0,0,4
0224,84.17,2014-07-16,7.67,7.75,7.67,7.75,7.75,7.75,10,10,10,7.83,0.11,0,0,0
0225,84.17,2013-11-07,7.58,7.75,7.75,7.75,7.75,7.83,10,10,10,7.75,0.08,0,0,0
0226,84.17,2013-05-20,7.58,7.83,7.75,7.67,7.67,8,10,10,10,7.67,0.11,0,0,3
0227,84.17,2013-05-09,7.92,7.75,7.67,7.67,7.83,7.92,10,10,10,7.42,0.11,0,0,4
0228,84.17,2013-03-18,8.42,8.08,7.5,7.17,7.58,8.17,9.33,10,10,7.92,0.11,0,0,2
0229,84.17,2012-10-19,7.75,7.75,7.75,7.75,7.83,7.75,10,10,10,7.58,0,0,0,2
0230,84.17,2012-03-26,7.83,7.5,7.5,8,7.83,7.83,10,10,10,7.67,0.11,0,0,2
0231,84.17,2012-02-13,7.83,7.75,7.5,7.83,7.83,7.75,10,10,10,7.67,0.11,0,0,1
0232,84.13,2017-05-24,7.81,7.88,7.56,7.75,7.63,7.75,10,10,10,7.75,0.12,0,0,0
0233,84.08,2017-11-09,7.83,7.5,7.42,7.5,7.83,8.5,10,10,10,7.5,0,1,3,3
0234,84.08,2016-05-18,7.58,7.67,7.67,7.67,7.75,7.83,10,10,10,7.92,0.1,0,0,4
0235,84.08,2016-04-27,8,7.75,7.5,7.58,7.92,7.67,10,10,10,7.67,0.1,0,0,4
0236,84.08,2014-11-05,7.92,7.75,7.67,7.75,7.67,7.67,10,10,10,7.67,0,0,0,2
0237,84.08,2014-06-16,7.58,7.75,7.67,8,7.75,7.67,10,10,10,7.67,0.1,0,0,10
0238,84.08,2013-01-24,7.83,7.75,7.83,7.83,7.42,8.08,9.33,10,10,8,0.11,1,0,9
0239,84.08,2012-09-04,7.67,7.75,7.67,7.75,7.67,7.75,10,10,10,7.83,0.11,1,0,10
0240,84.08,2012-08-17,7.92,7.92,7.83,8,7.92,7.92,10,10,8.67,7.92,0.09,0,0,15
0241,84,2018-01-11,7.58,7.75,7.67,7.75,7.83,7.75,10,10,10,7.67,0.08,1,2,13
0242,84,2017-06-05,7.83,7.75,7.67,7.75,7.33,7.75,10,10,10,7.92,0.11,3,11,1
0243,84,2017-05-11,7.42,7.83,7.75,7.92,7.75,7.58,10,10,10,7.75,0.1,0,0,5
0244,84,2015-06-10,7.67,7.83,7.58,7.92,7.75,7.67,10,10,10,7.58,0.12,0,0,7
0245,84,2014-12-18,7.67,7.67,7.83,7.58,7.58,7.83,10,10,10,7.83,0.11,2,0,7
0246,84,2014-08-08,7.92,7.67,7.42,7.92,7.75,7.83,10,10,10,7.5,0.1,0,0,1
0247,84,2014-06-27,7.75,7.83,7.5,7.83,7.58,7.67,10,10,10,7.83,0.1,0,0,0
0248,84,2014-05-27,7.67,7.75,7.67,7.67,7.67,7.75,10,10,10,7.83,0.12,0,0,0
0249,84,2014-05-27,7.58,7.42,7.75,7.92,7.75,7.92,10,10,10,7.67,0.12,0,0,0
0250,84,2014-04-08,7.67,7.67,7.5,7.5,7.67,7.67,10,10,10,8.33,0.12,0,0,3
0251,84,2014-01-17,7.75,7.75,7.5,7.58,7.67,7.92,10,10,10,7.83,0.09,4,0,40
0252,84,,7.58,7.83,7.67,7.25,8,7.75,10,10,10,7.92,0.1,0,0,0
0253,84,2013-06-21,7.67,7.83,7.67,7.75,7.67,7.75,10,10,10,7.67,0.11,0,0,1
0254,84,2013-03-08,7.67,7.83,7.5,7.75,7.92,7.67,10,10,10,7.67,0,0,0,2
0255,84,2012-06-21,7.92,8.17,8.17,8.42,8.08,8.17,8.67,8.67,9.33,8.42,0.12,0,0,0
0256,84,2012-05-31,7.67,7.75,7.67,7.75,7.83,7.67,10,10,10,7.67,0,0,0,0
0257,84,2012-02-13,7.92,7.75,7.58,7.67,7.67,7.83,10,10,10,7.58,0.1,10,0,26
0258,84,2011-08-16,7.58,7.75,7.58,7.75,7.58,7.75,10,10,10,8,0.06,0,0,0
0259,83.92,2017-10-20,7.5,7.75,7.58,7.5,7.58,7.5,10,10,10,8.5,0,0,0,3
0260,83.92,,7.83,7.83,7.58,7.92,7.42,7.5,10,10,10,7.83,0.11,0,0,5
0261,83.92,2016-10-18,7.67,7.75,7.5,7.67,7.67,7.83,10,10,10,7.83,0.1,0,0,1
0262,83.92,2016-08-16,7.58,7.67,7.67,7.75,7.58,7.83,10,10,10,7.83,0.11,0,2,7
0263,83.92,2016-05-18,7.83,7.75,7.83,7.75,7.83,7.75,9.33,10,10,7.83,0.11,0,0,3
0264,83.92,2016-02-11,7.75,7.67,7.5,7.75,7.83,7.75,10,10,10,7.67,0.11,1,0,2
0265,83.92,2016-01-21,7.75,7.58,7.5,7.83,7.75,7.92,10,10,10,7.58,0,1,3,5
0266,83.92,2015-11-07,7.75,7.75,7.58,7.75,7.75,7.67,10,10,10,7.67,0,0,0,0
0267,83.92,2015-08-18,7.92,7.67,7.5,7.83,7.58,7.67,10,10,10,7.75,0,0,0,0
0268,83.92,2015-03-12,7.83,7.75,7.58,7.58,7.75,7.75,10,10,10,7.67,0,1,0,1
0269,83.92,2014-12-12,7.75,7.58,7.67,7.83,7.83,7.67,10,10,10,7.58,0,0,0,1
0270,83.92,,8,7.92,7.92,7.92,7.67,7.33,10,10,10,7.17,0.06,0,0,0
0271,83.92,2014-01-17,7.67,7.83,7.67,7.75,7.67,7.83,10,10,10,7.5,0.12,0,0,3
0272,83.92,,7.67,7.75,7.58,7.67,7.75,7.83,10,10,10,7.67,0.12,10,0,32
0273,83.92,2012-06-06,7.5,7.67,7.58,7.83,7.75,7.75,10,10,10,7.83,0.11,0,0,2
0274,83.92,,7.75,7.92,7.83,7.92,7.75,7.67,9.33,10,10,7.75,0,0,0,2
0275,83.83,2017-06-30,7.92,7.58,7.5,7.83,7.58,7.67,10,10,10,7.75,0,1,0,6
0276,83.83,2017-03-14,7.83,7.67,7.5,7.75,7.75,7.75,10,10,10,7.58,0,1,2,0
0277,83.83,2016-06-06,7.67,7.67,7.75,7.67,7.5,7.75,10,10,10,7.83,0,0,0,0
0278,83.83,,7.75,7.75,7.5,7.75,7.83,7.58,10,10,10,7.67,0.11,0,7,6
0279,83.83,,7.75,7.67,7.5,7.75,7.75,7.67,10,10,10,7.75,0,0,0,0
0280,83.83,2015-10-08,7.25,7.58,7.42,8,7.75,7.83,10,10,10,8,0,0,0,0
0281,83.83,2015-04-30,7.67,7.75,7.67,7.75,7.42,7.75,10,10,10,7.83,0,0,0,1
0282,83.83,2015-03-31,7.75,7.75,7.67,7.67,7.58,7.67,10,10,10,7.75,0.12,0,0,4
0283,83.83,2014-10-16,7.67,7.67,7.58,7.5,7.83,8.17,10,10,9.33,8.08,0,0,0,1
0284,83.83,2014-06-09,7.83,7.42,7.5,7.83,7.75,7.83,10,10,10,7.67,0.1,0,0,3
0285,83.83,,7.58,7.83,7.33,8,7.58,7.75,10,10,10,7.75,0.1,0,0,1
0286,83.83,2013-12-26,7.92,7.5,7.33,7.67,8.17,7.5,10,10,10,7.75,0.1,0,0,0
0287,83.83,2013-10-04,7.5,7.67,7.58,7.75,7.83,7.83,10,10,10,7.67,0.09,0,0,0
0288,83.83,,7.67,7.58,7.58,7.83,7.58,7.67,10,10,10,7.92,0.11,0,0,1
0289,83.83,2013-04-26,7.5,7.83,7.5,7.83,7.83,7.67,10,10,10,7.67,0.11,0,0,3
0290,83.83,2012-07-26,7.67,8,7.67,7.42,7.67,7.5,10,10,10,7.92,0.1,0,0,2
0291,83.83,2012-06-06,7.67,7.58,7.5,7.75,7.75,7.75,10,10,10,7.83,0.11,0,0,4
0292,83.83,2011-12-21,7.83,7.83,7.58,7.67,7.5,7.58,10,10,10,7.83,0.12,0,0,3
0293,83.83,2011-09-20,7.75,7.75,7.58,8,7.67,7.58,10,10,10,7.5,0.02,0,0,2
0294,83.83,2011-08-16,7.5,7.83,7.58,7.58,7.75,7.83,10,10,10,7.75,0.01,0,0,0
0295,83.83,2010-06-17,7.58,7.83,7.58,8,7.83,7.5,10,10,10,7.5,0.1,0,0,3
0296,83.75,2018-01-11,7.75,7.58,7.5,7.58,7.75,7.75,10,10,10,7.83,0.11,0,0,2
0297,83.75,2017-10-20,7.67,7.67,7.58,7.75,7.67,7.67,10,10,10,7.75,0.11,0,0,5
0298,83.75,2017-09-28,7.83,7.83,7.58,7.58,7.58,7.58,10,10,10,7.75,0.11,0,0,1
0299,83.75,2017-06-06,7.67,7.67,7.58,7.58,7.67,7.83,10,10,10,7.75,0,0,0,0
0300,83.75,2017-02-15,7.92,7.75,7.5,7.67,7.75,7.5,10,10,10,7.67,0,1,0,4
0301,83.75,2016-04-06,7.83,7.75,7.67,7.5,7.58,7.67,10,10,10,7.75,0.1,0,1,2
0302,83.75,2015-11-27,7.75,7.67,7.5,7.67,7.58,7.83,10,10,10,7.75,0,0,0,0
0303,83.75,2014-06-30,8,7.92,7.58,7.75,7.33,7.5,10,10,10,7.67,0.12,0,0,0
0304,83.75,2014-06-09,7.83,7.83,7.83,7.67,8,8.17,9.33,9.33,10,7.75,0.12,0,0,1
0305,83.75,2014-02-05,7.67,7.67,7.67,7.92,7.5,7.67,10,10,10,7.67,0,0,0,5
0306,83.75,2014-01-24,7.67,7.42,7.42,7.42,8,8.33,10,10,10,7.5,0,0,0,3
0307,83.75,,7.58,7.67,7.75,7.67,7.67,7.67,10,10,10,7.75,0,0,0,1
0308,83.75,2013-08-27,7.75,7.67,7.75,7.58,7.42,8,10,10,10,7.58,0.11,0,0,3
0309,83.75,,7.25,7.42,7.67,7.58,7.83,8.25,10,10,10,7.75,0,0,0,0
0310,83.75,2012-09-27,7.83,7.58,7.58,7.5,7.75,7.67,10,10,10,7.83,0.13,5,0,5
0311,83.75,2012-05-24,7.67,7.58,7.58,7.67,7.75,7.75,10,10,10,7.75,0.11,0,0,1
0312,83.75,2011-04-20,7.83,7.83,7.58,7.33,7.42,7.67,10,10,10,8.08,0.1,0,0,1
0313,83.75,2011-02-09,7.75,7.67,7.25,7.25,7.58,8.5,10,10,10,7.75,0.06,0,0,1
0314,83.75,2010-06-29,7.83,7.67,7.75,7.67,7.58,7.5,10,10,10,7.75,0,0,0,0
0315,83.67,2017-10-20,7.67,7.83,7.5,7.67,7.67,7.5,10,10,10,7.83,0.11,0,0,2
0316,83.67,2017-09-01,8.08,7.67,7.67,7.58,7.25,7.67,10,10,10,7.75,0.11,0,0,0
0317,83.67,2017-05-11,7.5,7.5,7.67,7.67,8,8,10,10,10,7.33,0.1,0,0,2
0318,83.67,2017-05-11,7.67,7.75,7.67,7.67,7.83,7.58,10,10,10,7.5,0.1,0,0,3
0319,83.67,2016-08-16,7.58,7.75,7.58,7.75,7.58,7.58,10,10,10,7.83,0.11,0,2,3
0320,83.67,2016-05-18,7.5,7.67,7.33,7.92,7.83,7.67,10,10,10,7.75,0.1,0,0,0
0321,83.67,2016-03-14,7.33,7.67,7.67,7.5,7.67,7.5,10,10,10,8.33,0.11,0,0,1
0322,83.67,2015-06-09,7.5,7.75,7.58,7.83,7.67,7.58,10,10,10,7.75,0.12,0,0,0
0323,83.67,2014-11-21,7.5,7.75,7.5,7.75,7.67,7.67,10,10,10,7.83,0.11,0,0,4
0324,83.67,2014-02-27,8,7.5,7.33,8,8,8,9.33,10,10,7.5,0.1,0,0,0
0325,83.67,2013-10-29,7.83,7.75,7.67,7.58,7.58,7.67,10,10,10,7.58,0,0,0,3
0326,83.67,2013-08-16,7.67,7.67,7.67,7.67,7.33,7.75,10,10,10,7.92,0,0,0,1
0327,83.67,2013-05-30,7.67,7.67,7.42,7.67,8,7.75,10,10,10,7.5,0.12,1,0,3
0328,83.67,2013-02-26,7.83,7.67,7.33,7.67,7.67,7.83,10,10,10,7.67,0.11,0,0,2
0329,83.67,,7.75,7.75,7.58,7.83,7.17,7.75,10,10,10,7.83,0.11,0,0,1
0330,83.67,,8.17,8.17,7.83,7.67,8.08,7.75,9.33,9.33,9.33,8,0.11,0,0,1
0331,83.67,2012-07-09,7.67,8.17,7.5,7.42,7.58,7.83,10,10,10,7.5,0.11,0,0,13
0332,83.67,,7.67,7.5,7.5,7.33,7.83,8.25,10,10,10,7.58,0.12,4,0,11
0333,83.67,,8.17,7.67,7.58,7.58,7.42,7.67,10,10,10,7.58,0.12,0,0,0
0334,83.67,2012-04-30,7.67,7.5,7.33,8,7.67,7.67,10,10,10,7.83,0.1,0,0,0
0335,83.67,2011-04-21,7.75,8,7.92,8.08,7.75,8,9.33,9.33,9.33,8.17,0,0,0,0
0336,83.58,2017-10-20,7.58,7.67,7.58,7.58,7.67,7.58,10,10,10,7.92,0.11,0,0,5
0337,83.58,2016-07-05,7.75,7.75,7.5,7.83,7.58,7.58,10,10,10,7.58,0.11,0,1,0
0338,83.58,2016-04-15,7.75,7.75,7.58,7.58,7.67,7.58,10,10,10,7.67,0.11,0,0,4
0339,83.58,2016-04-06,7.67,7.58,7.58,7.58,7.67,7.75,10,10,10,7.75,0.1,0,1,4
0340,83.58,2015-11-19,7.67,7.75,7.58,7.67,7.75,7.58,10,10,10,7.58,0.12,0,0,3
0341,83.58,2015-05-12,7.75,7.75,7.58,7.58,7.5,7.67,10,10,10,7.75,0.12,1,0,13
0342,83.58,2015-03-25,7.75,7.67,7.58,7.67,7.5,7.67,10,10,10,7.75,0,0,0,7
0343,83.58,2014-06-27,7.67,7.67,7.42,7.75,7.75,7.67,10,10,10,7.67,0.12,0,0,5
0344,83.58,2014-06-24,7.67,7.58,7.67,7.67,7.67,7.67,10,10,10,7.67,0,0,0,0
0345,83.58,2014-03-13,7.67,7.58,7.67,7.58,7.67,7.75,10,10,10,7.67,0.12,0,0,1
0346,83.58,2014-03-21,7.75,7.58,7.5,7.58,7.75,7.83,10,10,10,7.58,0,0,0,0
0347,83.58,2013-12-26,7.75,7.75,7.75,7.75,7.5,7.58,10,10,10,7.5,0.11,0,0,0
0348,83.58,2012-08-31,7.67,7.67,7.58,7.67,7.75,7.58,10,10,10,7.67,0.11,0,0,3
0349,83.58,2012-06-06,7.83,7.67,7.58,7.58,7.67,7.58,10,10,10,7.67,0.12,0,0,2
0350,83.58,,7.67,7.58,7.58,7.58,7.67,7.75,10,10,10,7.75,0.11,0,0,4
0351,83.58,,7.83,7.75,7.5,7.75,7.5,7.58,10,10,10,7.67,0.12,0,0,2
0352,83.5,2017-02-20,7.75,7.58,7.58,7.75,7.75,7.5,10,10,10,7.58,0,0,0,5
0353,83.5,2017-02-13,7.58,7.58,7.17,7.17,7,7,10,10,10,10,0.11,0,0,0
0354,83.5,2016-06-06,7.92,7.42,7.5,7.67,7.5,7.67,10,10,10,7.83,0,0,0,0
0355,83.5,2016-04-07,7.75,7.58,7.58,7.5,7.75,7.75,10,10,10,7.58,0,0,0,0
0356,83.5,2016-03-16,7.67,7.75,7.5,7.83,7.58,7.58,10,10,10,7.58,0.1,0,2,5
0357,83.5,2015-11-19,7.58,7.58,7.58,7.58,7.75,7.67,10,10,10,7.75,0.12,0,0,4
0358,83.5,2015-11-16,7.75,7.67,7.58,7.67,7.67,7.58,10,10,10,7.58,0.13,0,0,21
0359,83.5,2015-09-14,7.25,7.67,7.58,7.92,7.83,7.58,10,10,10,7.67,0.13,0,0,8
0360,83.5,2015-03-31,7.67,7.75,7.5,7.58,7.75,7.67,10,10,10,7.58,0.1,1,0,18
0361,83.5,2015-03-12,7.67,7.42,7.67,7.83,7.58,7.67,10,10,10,7.67,0,1,0,0
0362,83.5,,8,7.58,7.25,7.58,7.92,7.58,10,10,10,7.58,0.11,0,0,0
0363,83.5,2014-12-18,7.58,7.75,7.5,7.83,7.42,7.67,10,10,10,7.75,0.1,0,0,0
0364,83.5,2014-08-11,7.75,7.58,7.33,7.5,7.83,7.83,10,10,10,7.67,0,2,0,0
0365,83.5,2014-04-08,7.67,7.5,7.67,7.5,7.67,7.67,10,10,10,7.83,0.1,0,0,3
0366,83.5,2013-04-26,7.58,7.75,7.42,7.67,7.75,7.67,10,10,10,7.67,0,1,0,1
0367,83.5,2013-05-24,7.58,7.67,7.58,7.75,7.58,7.75,10,10,10,7.58,0.11,0,NA,2
0368,83.5,2012-08-31,7.83,7.58,7.25,7.5,7.5,7.42,10,10,10,8.42,0.13,0,0,14
0369,83.5,2012-08-30,7.67,7.75,7.67,7.75,7.58,7.5,10,10,10,7.58,0.11,0,0,12
0370,83.5,2012-07-11,7.75,7.67,7.67,7.75,7.33,7.5,10,10,10,7.83,0.12,0,0,0
0371,83.5,2012-04-30,7.83,7.5,7.5,8,7.67,7.5,10,10,10,7.5,0.1,0,0,5
0372,83.5,2012-02-09,7.67,7.58,7.58,7.67,7.67,7.67,10,10,10,7.67,0.11,0,0,0
0373,83.5,2012-02-01,7.5,7.5,7.75,7.5,8,7.67,10,10,10,7.58,0,3,0,12
0374,83.5,2011-03-08,7.5,7.67,7.58,7.92,7.58,7.67,10,10,10,7.58,0.01,0,0,0
0375,83.5,2010-11-29,7.83,7.58,7.58,7.58,7.75,7.58,10,10,10,7.58,0,0,0,0
0376,83.42,2017-11-09,7.5,7.58,7.58,7.5,7.75,7.83,10,10,10,7.67,0,0,2,1
0377,83.42,,7.67,7.75,7.5,7.58,7.58,7.67,10,10,10,7.67,0.1,0,0,3
0378,83.42,2017-05-10,7.67,7.67,7.5,7.67,7.67,7.58,10,10,10,7.67,0.11,0,0,2
0379,83.42,2017-02-17,7.58,7.5,7.42,7.92,7.5,7.67,10,10,10,7.83,0.09,0,0,4
0380,83.42,2017-02-13,7.67,7.67,7,7.08,7,7,10,10,10,10,0.11,0,0,0
0381,83.42,2016-07-21,7.58,7.75,7.33,7.75,7.67,7.58,10,10,10,7.75,0.11,0,0,1
0382,83.42,2016-06-27,7.5,7.58,7.75,7.5,7.75,7.67,10,10,10,7.67,0.13,0,0,0
0383,83.42,2016-04-25,7.58,7.5,7.75,7.58,7.75,7.67,10,10,10,7.58,0.11,0,0,0
0384,83.42,2015-04-29,7.58,7.67,7.58,7.67,7.58,7.67,10,10,10,7.67,0.12,4,0,0
0385,83.42,2015-01-15,7.33,7.83,7.75,7.5,7.42,7.83,10,10,10,7.75,0.12,0,0,6
0386,83.42,2014-12-12,7.75,7.67,7.58,7.67,7.58,7.58,10,10,10,7.58,0.13,0,0,4
0387,83.42,2014-10-15,7.58,7.58,7.25,7.75,7.75,8.58,9.33,10,10,7.58,0.12,0,0,1
0388,83.42,2014-08-21,7.75,7.83,7.33,7.83,7.5,7.67,10,10,10,7.5,0.1,0,0,1
0389,83.42,2014-02-18,7.67,7.75,7.5,7.83,7.58,7.5,10,10,10,7.58,0.1,0,0,2
0390,83.42,2013-07-16,7.67,7.5,7.75,7.42,7.75,7.75,10,10,10,7.58,0.11,0,0,0
0391,83.42,2013-01-24,7.42,7.75,7.67,7.58,7.67,7.67,10,10,10,7.67,0,0,0,2
0392,83.42,2012-06-26,7.5,7.75,7.58,7.5,7.67,7.75,10,10,10,7.67,0.11,0,0,2
0393,83.42,2011-02-01,7.58,7.58,7.58,7.67,7.75,7.67,10,10,10,7.58,0.1,1,0,3
0394,83.42,2010-12-27,7.5,7.92,7.42,7.67,7.83,7.58,10,10,10,7.5,0.01,0,0,0
0395,83.42,2010-04-13,7.58,7.25,7.5,7.92,7.92,7.42,10,10,10,7.83,0.11,0,0,0
0396,83.38,2010-05-26,7.25,7.88,7.38,7.63,7.5,8.75,9,10,10,8,0.09,2,0,4
0397,83.33,2016-11-08,7.75,7.5,7.75,7.58,7.58,7.58,10,10,10,7.58,0,0,1,0
0398,83.33,2016-06-15,7.67,7.58,7.58,7.42,7.67,7.75,10,10,10,7.67,0,0,0,0
0399,83.33,2016-05-05,7.83,7.58,7.58,7.58,7.5,7.58,10,10,10,7.67,0,1,0,2
0400,83.33,2015-10-12,7.5,7.83,7.33,7.58,7.58,7.92,10,10,10,7.58,0.1,1,0,5
0401,83.33,2015-07-14,7.75,7.75,7.5,7.67,7.5,7.58,10,10,10,7.58,0.12,0,0,2
0402,83.33,2015-04-08,7.67,7.75,7.42,7.83,7.83,7.42,10,10,10,7.42,0.11,0,0,1
0403,83.33,2014-12-12,7.75,7.58,7.67,7.58,7.58,7.58,10,10,10,7.58,0.12,0,0,6
0404,83.33,2014-07-15,7.67,7.67,7.58,7.67,7.5,7.58,10,10,10,7.67,0.12,0,0,0
0405,83.33,2014-04-07,7.67,7.67,7.42,7.67,7.67,7.67,10,10,10,7.58,0.12,0,0,3
0406,83.33,2014-02-25,7.83,7.58,7.83,7.67,7.92,8,9.33,10,9.33,7.83,0.11,0,0,1
0407,83.33,2014-02-14,7.5,7.67,7.67,7.5,7.83,7.17,10,10,10,8,0.11,0,0,3
0408,83.33,2014-01-21,7.83,7.75,7.58,7.83,7.92,7.58,9.33,10,10,7.5,0.12,0,0,5
0409,83.33,,7.58,7.5,7.67,7.5,7.83,7.42,10,10,10,7.83,0.11,0,0,4
0410,83.33,2013-04-26,7.67,7.67,7.5,7.67,7.92,7.42,10,10,10,7.5,0.11,0,0,1
0411,83.33,2013-02-26,7.83,7.67,7.17,7.67,7.67,7.67,10,10,10,7.67,0.11,0,0,3
0412,83.33,2013-01-24,7.92,7.5,7.58,7.83,7.67,7.67,9.33,10,10,7.83,0.1,0,0,4
0413,83.33,2012-08-29,7.75,7.67,7.33,7.5,7.5,7.75,10,10,10,7.83,0,0,0,5
0414,83.33,2012-05-30,7.5,7.67,7.67,7.58,7.67,7.58,10,10,10,7.67,0,0,0,1
0415,83.33,2011-09-20,8.08,7.83,7.83,7.75,7.67,7.58,9.33,10,9.33,7.92,0.01,0,0,0
0416,83.33,2011-02-24,7.58,7.67,7.58,7.5,7.83,7.67,10,10,10,7.5,0,0,0,0
0417,83.25,2017-03-07,7.67,7.83,7.42,7.83,7.33,7.5,10,10,10,7.67,0.11,0,0,0
0418,83.25,2017-01-30,7.5,7.5,7.83,7.5,7.67,7.67,10,10,10,7.58,0.11,0,0,0
0419,83.25,2016-09-20,7.83,7.5,7.42,7.67,7.5,7.67,10,10,10,7.67,0.11,0,0,0
0420,83.25,2016-08-12,7.5,7.58,7.42,7.83,7.67,7.58,10,10,10,7.67,0.11,0,2,7
0421,83.25,2016-05-19,7.5,7.67,7.67,7.42,7.67,7.67,10,10,10,7.67,0.12,0,0,1
0422,83.25,2016-01-12,7.58,7.67,7.42,7.5,7.67,7.42,10,10,10,8,0.12,0,0,4
0423,83.25,2015-11-27,7.58,7.67,7.67,7.17,7.75,7.83,10,10,10,7.58,0,0,0,2
0424,83.25,2015-07-14,7.83,7.75,7.5,7.58,7.58,7.58,10,10,10,7.42,0.12,0,0,2
0425,83.25,2015-06-18,7.67,7.5,7.5,7.5,7.67,7.83,10,10,10,7.58,0.1,0,0,0
0426,83.25,,7.92,7.83,7.75,7.58,7.5,7.33,10,10,10,7.33,0.1,0,0,0
0427,83.25,2014-06-24,7.58,7.58,7.5,7.58,7.58,7.75,10,10,10,7.67,0,0,0,0
0428,83.25,2014-03-07,7.5,7.67,7.58,7.67,7.67,7.5,10,10,10,7.67,0.1,0,0,1
0429,83.25,,7.83,7.5,7.67,7.33,7.67,7.67,10,10,10,7.58,0.11,0,0,1
0430,83.25,2013-03-29,7.58,7.75,7.5,7.5,7.58,7.58,10,10,10,7.75,0.12,0,0,6
0431,83.25,2013-03-21,7.58,7.75,7.83,8,8.08,7.67,9.33,10,9.33,7.67,0.11,0,0,4
0432,83.25,2012-08-01,7.75,7.58,7.58,7.58,7.5,7.58,10,10,10,7.67,0.13,0,0,7
0433,83.25,2012-07-11,7.75,7.75,7.42,7.92,7.33,7.5,10,10,10,7.58,0.12,0,0,0
0434,83.25,2012-07-09,7.83,7.58,7.08,7.83,7.42,8.08,10,10,10,7.42,0.11,0,0,9
0435,83.25,,7.75,7.67,7.5,7.58,7.58,7.58,10,10,10,7.58,0.11,0,0,1
0436,83.25,,7.67,7.58,7.58,7.42,7.83,7.58,10,10,10,7.58,0.12,0,0,1
0437,83.25,2012-02-09,7.67,7.67,7.5,7.5,7.58,7.67,10,10,10,7.67,0.11,0,0,0
0438,83.25,2011-06-14,7.92,7.75,7.25,7.42,7.83,7.58,10,10,10,7.5,0.08,0,0,0
0439,83.25,,8,7.67,7.67,7.25,7.67,7.5,10,10,10,7.5,0.13,0,0,1
0440,83.25,2011-01-17,7.92,7.75,7.5,7.42,7.42,7.67,10,10,10,7.58,0.04,0,0,1
0441,83.17,2017-10-20,7.67,7.42,7.5,7.58,7.67,7.58,10,10,10,7.75,0.11,0,0,4
0442,83.17,2017-08-24,7.58,7.58,7.33,7.67,7.75,7.58,10,10,10,7.67,0.1,0,0,1
0443,83.17,2017-06-20,7.67,7.58,7.42,7.67,7.67,7.58,10,10,10,7.58,0.12,0,0,3
0444,83.17,2017-06-16,7.92,7.5,7.5,7.58,7.67,7.5,10,10,10,7.5,0.11,0,1,0
0445,83.17,2017-05-08,7.58,7.42,7.08,7.33,7.58,8.58,10,10,10,7.58,0.07,0,0,0
0446,83.17,,7.67,7.75,7.42,7.75,7.58,7.5,10,10,10,7.5,0.11,2,2,3
0447,83.17,,7.67,7.67,7.5,7.67,7.5,7.67,10,10,10,7.5,0.11,0,1,1
0448,83.17,2016-04-06,7.5,7.67,7.33,7.67,7.67,7.67,10,10,10,7.67,0.11,0,0,0
0449,83.17,2016-04-05,7.67,7.67,7.5,7.67,7.42,7.58,10,10,10,7.67,0.1,0,0,3
0450,83.17,2016-03-29,7.5,7.5,7.33,7.67,8,7.67,10,10,10,7.5,0,0,0,0
0451,83.17,2015-10-29,7.5,7.75,7.5,7.83,7.58,7.5,10,10,10,7.5,0.11,0,0,1
0452,83.17,2015-09-29,7.92,7.67,7.42,7.75,7.5,7.5,10,10,10,7.42,0.12,0,0,3
0453,83.17,,7.83,7.75,7.67,7.75,7.83,8.5,9.33,9.33,9.33,7.83,0.1,0,0,1
0454,83.17,2015-06-09,7.67,7.58,7.58,7.75,7.42,7.67,10,10,10,7.5,0.12,0,0,0
0455,83.17,2014-12-12,7.58,7.67,7.67,7.58,7.42,7.58,10,10,10,7.67,0.13,0,0,6
0456,83.17,2014-11-05,7.58,7.5,7.5,7.67,7.5,7.67,10,10,10,7.75,0,0,0,4
0457,83.17,2014-10-28,8,7.67,7.5,7.42,7.33,7.58,10,10,10,7.67,0.1,0,0,0
0458,83.17,2014-08-25,7.58,7.75,7.5,7.58,7.58,7.58,10,10,10,7.58,0.11,10,0,3
0459,83.17,2014-04-12,7.5,7.5,7.5,7.67,7.67,7.67,10,10,10,7.67,0.1,0,0,5
0460,83.17,2014-04-08,7.67,7.67,7.5,7.67,7.5,7.67,10,10,10,7.5,0.11,0,0,3
0461,83.17,2014-03-27,7.33,7.83,7.17,8.17,7.33,7.67,10,10,10,7.67,0.09,0,0,1
0462,83.17,2014-02-07,7.5,7.5,7.58,7.42,7.92,7.67,10,10,10,7.58,0.11,0,0,0
0463,83.17,2014-01-31,7.58,7.5,7.58,7.75,7.58,7.58,10,10,10,7.58,0.12,0,0,1
0464,83.17,2013-04-26,7.67,7.83,7.33,7.67,7.5,7.67,10,10,10,7.5,0.11,0,0,2
0465,83.17,2013-03-29,7.75,7.58,7.58,7.58,7.5,7.42,10,10,10,7.75,0.11,0,0,2
0466,83.17,2012-09-27,7.75,7.67,7.58,7.5,7.42,7.58,10,10,10,7.67,0.12,3,0,8
0467,83.17,2012-09-27,7.58,7.75,7.42,7.67,7.5,7.58,10,10,10,7.67,0.14,0,0,10
0468,83.17,2012-08-31,7.67,7.5,7.5,7.5,7.58,8.17,10,10,10,7.25,0.11,1,0,2
0469,83.17,2012-07-11,7.75,7.5,7.42,7.75,7.58,7.58,10,10,10,7.58,0.13,0,0,5
0470,83.17,2012-06-08,7.58,7.67,7.5,7.58,7.67,7.67,10,10,10,7.5,0.11,0,0,0
0471,83.17,2012-06-06,7.5,7.75,7.58,7.58,7.67,7.5,10,10,10,7.58,0.11,0,0,5
0472,83.17,2012-03-19,7.75,7.67,7.58,7.5,7.58,7.58,10,10,10,7.5,0.12,0,0,1
0473,83.17,2012-02-17,7.92,7.58,7.5,7.58,7.42,7.5,10,10,10,7.67,0.11,0,0,4
0474,83.17,2012-02-01,7.75,7.5,7.67,7.5,7.92,8,10,10,9.33,7.5,0,0,0,10
0475,83.17,,7.75,7.5,7.58,7.5,7.75,7.5,10,10,10,7.58,0.12,0,0,3
0476,83.17,2011-10-28,7.58,7.75,7.67,7.5,7.67,7.58,10,10,10,7.42,0.02,0,0,2
0477,83.17,,7.42,7.83,8.17,8.08,7.17,7.58,10,9.33,10,7.58,0.14,0,0,3
0478,83.17,2010-06-16,7.75,8,7.67,8.08,7.83,7.92,9.33,9.33,9.33,7.92,0.01,0,0,0
0479,83.08,2017-02-20,7.58,7.67,7.33,7.67,7.75,7.58,10,10,10,7.5,0,0,1,4
0480,83.08,2017-01-10,7.75,7.5,7.5,7.42,8,7.75,10,10,10,7.17,0,1,2,5
0481,83.08,2016-04-25,7.58,7.58,7.58,7.5,7.67,7.58,10,10,10,7.58,0.11,0,2,2
0482,83.08,2015-10-08,7.33,7.67,7.67,7.33,7.75,7.42,10,10,10,7.92,0,0,0,3
0483,83.08,2015-05-19,7.83,7.92,7.5,7.83,7.67,7.25,9.33,10,10,7.75,0,0,0,0
0484,83.08,2015-04-20,7.42,7.67,7.58,7.5,7.75,7.67,10,10,10,7.5,0.11,0,0,13
0485,83.08,2014-10-16,7.58,7.83,7.67,7.42,7.42,7.5,10,10,10,7.67,0,0,0,1
0486,83.08,2014-07-15,7.83,7.33,7.5,7.67,7.58,7.67,10,10,10,7.5,0.1,0,0,3
0487,83.08,2014-02-19,7.33,7.75,7.58,7.33,7.83,7.67,10,10,10,7.58,0.12,0,0,8
0488,83.08,2013-12-26,7.75,7.75,7.5,7.5,7.5,7.5,10,10,10,7.58,0.11,0,0,0
0489,83.08,2013-03-08,7.83,7.83,7.33,7.17,7.75,7.67,10,10,10,7.5,0.1,0,0,0
0490,83.08,2012-06-06,7.75,7.67,7.42,7.75,7.5,7.5,10,10,10,7.5,0.1,0,0,1
0491,83.08,2012-04-06,7.67,7.58,7.5,7.67,7.92,8,9.33,9.33,10,8.08,0,1,0,4
0492,83.08,,7.33,7.58,7.58,7.92,7.67,7.58,10,10,10,7.42,0.12,0,0,0
0493,83.08,2011-07-29,7.33,7.33,7.33,7.58,7.25,8.08,10,10,10,8.17,0.01,0,0,0
0494,83.08,,7.83,7.75,7.33,7.25,7.42,7.92,10,10,10,7.58,0.08,1,0,3
0495,83.08,2010-11-29,7.67,7.58,7.5,7.58,7.67,7.58,10,10,10,7.5,0,0,0,0
0496,83.08,2010-11-11,7.92,7.67,7.67,7.25,7.83,7.67,9.33,10,10,7.75,0.02,0,0,1
0497,83,2017-10-20,7.58,7.5,7.5,7.75,7.67,7.5,10,10,10,7.5,0,0,0,4
0498,83,2016-08-16,7.5,7.58,7.58,7.67,7.58,7.5,10,10,10,7.58,0.11,0,3,5
0499,83,2016-08-16,7.5,7.67,7.58,7.67,7.58,7.42,10,10,10,7.58,0.11,0,2,3
0500,83,2016-07-18,7.67,7.58,7.42,7.42,7.83,7.5,10,10,10,7.58,0.12,0,0,6
0501,83,2016-07-18,7.67,7.67,7.5,7.58,7.42,7.5,10,10,10,7.67,0.12,0,5,8
0502,83,2016-02-11,7.67,7.67,7.33,7.67,7.5,7.58,10,10,10,7.58,0.11,0,0,4
0503,83,2015-12-28,7.75,7.67,7.58,7.58,7.42,7.67,9.33,10,10,8,0,0,0,0
0504,83,2015-07-08,7.67,7.75,7.33,7.92,7.42,7.5,10,10,10,7.42,0.11,0,0,3
0505,83,2015-06-05,7.75,7.67,7.33,7.75,7.5,7.42,10,10,10,7.58,0.11,0,0,2
0506,83,,7.83,7.67,7.25,7.67,7.75,7.5,10,10,10,7.33,0.11,0,0,2
0507,83,2015-02-13,7.67,7.67,7.67,7.5,7.42,7.5,10,10,10,7.58,0,0,0,0
0508,83,,7.92,7.92,7.83,7.58,7.33,7.25,10,10,10,7.17,0.08,0,0,0
0509,83,2014-06-26,7.83,7.58,7.5,7.5,7.58,7.5,10,10,10,7.5,0.12,0,0,0
0510,83,2014-06-09,7.67,7.5,7.67,7.83,7.75,7.83,10,10,9.33,7.42,0,0,0,0
0511,83,2014-03-07,7.67,7.67,7.42,7.83,7.5,7.5,10,10,10,7.42,0.1,1,0,0
0512,83,2014-02-14,7.67,7.58,7.5,7.58,7.5,7.5,10,10,10,7.67,0.11,0,0,3
0513,83,,7.75,7.58,7.42,7.67,7.42,7.67,10,10,10,7.5,0.12,0,0,4
0514,83,2013-11-07,7.75,7.42,7.33,7.5,7.58,7.17,10,10,10,8.25,0.11,1,0,1
0515,83,,7.83,7.5,7.58,7.33,7.5,7.67,10,10,10,7.58,0,0,0,0
0516,83,2013-03-15,7.33,7.67,7.75,7.42,7.75,7.58,10,10,10,7.5,0.11,0,0,1
0517,83,2013-04-26,7.58,7.75,7.42,7.67,7.58,7.42,10,10,10,7.58,0,0,0,2
0518,83,,7.5,7.5,7.42,7.58,7.75,7.58,10,10,10,7.67,0.11,1,0,2
0519,83,2012-07-26,7.67,7.58,7.42,7.5,7.67,7.58,10,10,10,7.58,0.11,0,0,20
0520,83,2012-07-26,7.67,7.83,7.5,7.58,7.58,7.67,9.33,10,10,7.83,0.11,0,0,7
0521,83,2012-07-11,7.5,7.67,7.5,7.5,7.58,7.58,10,10,10,7.67,0.11,5,0,8
0522,83,,7.67,7.58,7.5,7.5,7.75,7.5,10,10,10,7.5,0,1,0,4
0523,83,2012-05-11,7.75,7.58,7.5,7.67,7.83,7.75,9.33,10,10,7.58,0,0,0,4
0524,83,2012-06-08,7.67,7.58,7.58,7.58,7.67,7.42,10,10,10,7.5,0.11,0,0,0
0525,83,2012-04-27,7.5,7.67,7.5,7.67,7.5,7.83,10,10,10,7.33,0.1,0,0,2
0526,83,,7.67,7.67,7.58,7.5,7.67,7.42,10,10,10,7.5,0.12,0,0,0
0527,83,2011-08-16,7.33,7.67,7.58,7.5,7.75,7.67,10,10,10,7.5,0.28,0,0,0
0528,83,2011-05-12,7.33,7.67,7.58,7.33,7.58,7.92,10,10,10,7.58,0.08,0,0,1
0529,83,2011-04-21,7.83,7.83,7.67,7.83,7.92,7.83,9.33,9.33,9.33,8.08,0,0,0,0
0530,83,2011-03-09,7.5,7.58,7.42,7.58,7.58,7.67,10,10,10,7.67,0,0,0,1
0531,83,2011-02-01,7.5,7.58,7.67,7.67,7.58,7.58,10,10,10,7.42,0.06,0,0,2
0532,83,2010-05-31,7.58,7.83,7.75,7.92,7.92,8.08,9.33,9.33,9.33,7.92,0.07,0,0,0
0533,83,2010-04-13,7.5,7.25,7.42,7.75,8.17,7.5,10,10,10,7.42,0,0,0,0
0534,82.92,2017-10-20,7.67,7.58,7.5,7.58,7.58,7.5,10,10,10,7.5,0,0,0,0
0535,82.92,2017-08-28,7.5,7.5,7.75,7.58,7.92,7.83,10,10,9.33,7.5,0,0,0,1
0536,82.92,2017-07-07,7.58,7.67,7.5,7.33,7.67,7.58,10,10,10,7.58,0.11,0,0,1
0537,82.92,2016-06-28,7.17,7.83,7.25,7.67,7.67,7.58,10,10,10,7.75,0.09,31,0,0
0538,82.92,2016-02-26,7.58,7.58,7.5,7.5,7.58,7.58,10,10,10,7.58,0,1,0,20
0539,82.92,2015-09-07,7.5,7.58,7.67,7.33,7.5,7.75,10,10,10,7.58,0,0,0,9
0540,82.92,2015-07-31,7.58,7.58,7.67,7.58,7.5,7.5,10,10,10,7.5,0.11,0,0,1
0541,82.92,2015-07-21,8.08,7.5,7.67,7.42,7.33,7.5,10,10,10,7.42,0,0,0,0
0542,82.92,2015-07-14,7.83,7.67,7.25,7.58,7.5,7.5,10,10,10,7.58,0.13,0,0,3
0543,82.92,2015-06-11,7.75,7.67,7.42,7.42,7.75,7.5,10,10,10,7.42,0.12,2,0,8
0544,82.92,2014-08-15,7.08,7.5,7.5,7.83,7.75,7.67,10,10,10,7.58,0.11,0,0,16
0545,82.92,2014-06-27,8,7.5,7.5,7.58,7.33,7.42,10,10,10,7.58,0.12,0,0,0
0546,82.92,2014-06-27,7.75,7.58,7.58,7.5,7.5,7.5,10,10,10,7.5,0.12,0,0,4
0547,82.92,,7.75,7.5,7.42,7.58,7.67,7.5,10,10,10,7.5,0.1,0,0,1
0548,82.92,2014-03-07,7.67,7.83,7.42,7.5,7.33,7.5,10,10,10,7.67,0.1,0,0,2
0549,82.92,2013-12-27,7.58,7.58,7.25,7.58,7.58,7.58,10,10,10,7.75,0.1,0,0,4
0550,82.92,2013-09-13,7.58,7.5,7.75,7.33,7.58,7.58,10,10,10,7.58,0.11,0,0,2
0551,82.92,2013-03-20,7.75,7.5,7.25,7.5,7.75,7.5,10,10,10,7.67,0,0,0,0
0552,82.92,2013-03-11,7.83,7.75,7.25,7.92,7.5,7.17,10,10,10,7.5,0.11,0,0,2
0553,82.92,,7.83,7.67,7.42,7.42,7.5,7.58,10,10,10,7.5,0.11,3,0,5
0554,82.92,2012-07-26,7.58,7.58,7.33,7.25,7.58,7.75,10,10,10,7.83,0.1,0,0,4
0555,82.92,2012-07-20,7.67,7.33,7.17,7.58,8.08,7.42,10,10,10,7.67,0,0,0,17
0556,82.92,2012-03-05,8,7.92,7.67,7.17,7.67,7.42,9.33,10,10,7.75,0.14,1,0,4
0557,82.92,,7.5,7.5,7.5,7.42,7.67,7.83,10,10,10,7.5,0.1,0,0,0
0558,82.92,2011-07-19,7.5,7.75,7.33,7.75,7.08,7.83,10,10,10,7.67,0.15,0,0,0
0559,82.92,2010-04-13,7.42,7.58,7.5,7.17,7.5,8,10,10,10,7.75,0,0,0,0
0560,82.83,2017-10-13,7.75,7.58,7.42,7.58,7.5,7.5,10,10,10,7.5,0.1,0,0,3
0561,82.83,,7.5,7.58,7.33,7.67,7.58,7.58,10,10,10,7.58,0.11,1,1,2
0562,82.83,2017-02-06,7.67,7.58,7.58,7.5,7.5,7.42,10,10,10,7.58,0.11,0,2,2
0563,82.83,2016-04-08,7.33,7.67,7.67,7.83,7.33,7.67,10,10,10,7.33,0,0,0,4
0564,82.83,2016-03-25,7.83,7.92,7.75,7.83,7.75,7.75,9.33,9.33,9.33,8,0.11,0,0,0
0565,82.83,2016-01-19,7.25,7.58,7.5,7.42,7.75,7.42,10,10,10,7.92,0.11,11,0,0
0566,82.83,2015-07-20,7.58,7.58,7.33,7.67,7.67,7.5,10,10,10,7.5,0.11,0,0,2
0567,82.83,2015-05-26,7.58,7.83,7.33,7.67,7.42,7.33,10,10,10,7.67,0.12,2,0,6
0568,82.83,2015-03-21,7.83,7.67,7.5,7.58,7.5,7.67,10,10,10,7.08,0,0,0,1
0569,82.83,2015-02-20,7.42,7.58,7.25,7.5,7.75,7.75,10,10,10,7.58,0,0,0,9
0570,82.83,2014-03-24,7.67,7.67,7.75,7.67,7.42,7.17,10,10,10,7.5,0.1,0,0,4
0571,82.83,2014-01-20,7.5,7.42,7.58,7.5,7.58,7.58,10,10,10,7.67,0,4,0,4
0572,82.83,2013-05-10,7.83,7.5,7.5,7.42,7.5,7.5,10,10,10,7.58,0.11,0,0,3
0573,82.83,2013-04-19,7.67,7.5,7.33,7.25,7.58,7.75,10,10,10,7.75,0.11,0,0,5
0574,82.83,2012-08-30,7.58,7.67,7.5,7.58,7.5,7.5,10,10,10,7.5,0.12,2,0,10
0575,82.83,2012-07-11,7.67,7.58,7.42,7.75,7.42,7.42,10,10,10,7.58,0.12,0,0,7
0576,82.83,2012-07-09,7.67,7.67,7.33,7.5,7.33,7.92,10,10,10,7.42,0.11,0,0,10
0577,82.83,2012-06-06,7.58,7.58,7.5,7.42,7.67,7.58,10,10,10,7.5,0.11,0,0,2
0578,82.83,,7.75,7.58,7.75,7.75,7.25,7.5,10,10,10,7.25,0,1,0,3
0579,82.75,2018-01-09,7.5,7.58,7.42,7.67,7.58,7.5,10,10,10,7.5,0.1,0,1,3
0580,82.75,2017-10-17,7.58,7.67,7.5,7.58,7.5,7.42,10,10,10,7.5,0.11,0,0,8
0581,82.75,2017-09-19,7.5,7.67,7.17,7.67,7.67,7.58,10,10,10,7.5,0.11,0,0,4
0582,82.75,2017-09-08,7.5,7.5,7.42,7.58,7.67,7.5,10,10,10,7.58,0.1,0,0,1
0583,82.75,,7.42,7.58,7.42,7.67,7.5,7.5,10,10,10,7.67,0.1,0,0,1
0584,82.75,2017-08-08,7.5,7.58,7.42,7.58,7.58,7.5,10,10,10,7.58,0.12,0,0,15
0585,82.75,2017-06-01,7.58,7.58,7.33,7.58,7.33,7.67,10,10,10,7.67,0.12,0,0,0
0586,82.75,2017-06-01,7.83,7.67,7.33,7.67,7.58,7.67,9.33,10,10,7.67,0,0,0,0
0587,82.75,2017-05-08,7.67,7.67,7.17,7.33,7.58,7.67,10,10,10,7.67,0,0,0,4
0588,82.75,2017-04-28,7.58,7.5,7.42,7.67,7.42,7.5,10,10,10,7.67,0.09,0,0,1
0589,82.75,2017-04-06,7.58,7.5,7.42,7.58,7.5,7.5,10,10,10,7.67,0.09,0,1,6
0590,82.75,2016-04-25,7.5,7.5,7.58,7.5,7.58,7.58,10,10,10,7.5,0.11,0,2,1
0591,82.75,2016-04-06,7.67,7.5,7.33,7.33,7.67,7.67,10,10,10,7.58,0.1,0,0,0
0592,82.75,2016-04-05,7.5,7.67,7.42,7.67,7.5,7.5,10,10,10,7.5,0.11,0,0,2
0593,82.75,2014-11-07,7.5,7.58,7.58,7.75,7.33,7.5,10,10,10,7.5,0,0,0,2
0594,82.75,2014-11-04,7.75,7.58,7.42,7.5,7.33,7.5,10,10,10,7.67,0.12,0,0,0
0595,82.75,2014-06-16,7.75,7.42,7.25,7.75,7.5,7.67,10,10,10,7.42,0.13,0,0,2
0596,82.75,2014-05-27,7.67,7.42,7.42,7.58,7.33,7.67,10,10,10,7.67,0.12,0,0,0
0597,82.75,2014-02-05,7.67,7.58,7.42,7.83,7.33,7.5,10,10,10,7.42,0.1,6,0,0
0598,82.75,2014-02-04,7.58,7.83,7.75,7.75,7.42,8,9.33,9.33,10,7.75,0.1,0,0,0
0599,82.75,2014-01-21,7.58,7.33,7.17,7.33,7.25,8.58,10,10,10,7.5,0.1,0,0,2
0600,82.75,2013-03-29,7.58,7.58,7.5,7.5,7.5,7.5,10,10,10,7.58,0.12,0,0,6
0601,82.75,2012-07-11,7.58,7.58,7.33,7.75,7.25,7.58,10,10,10,7.67,0.12,0,0,0
0602,82.75,2012-06-06,8.08,8.17,8,8,7.83,7.92,6.67,10,10,8.08,0.12,1,0,4
0603,82.75,2012-04-11,7.5,7.58,7.42,7.67,7.5,7.58,10,10,10,7.5,0,0,0,0
0604,82.75,2012-03-05,7.67,7.58,7.58,7.58,7.5,7.42,10,10,10,7.42,0.11,0,0,3
0605,82.75,,7.25,7.75,7.5,7.83,7.67,7.67,9.33,10,10,7.75,0.12,0,0,0
0606,82.75,,7.42,7.42,7.5,7.58,7.5,7.75,10,10,10,7.58,0,0,0,4
0607,82.75,2010-06-29,7.75,7.67,7.5,7.83,7.17,7.42,10,10,10,7.42,0,0,0,2
0608,82.67,2017-10-20,7.5,7.58,7.25,7.75,7.58,7.5,10,10,10,7.5,0,0,0,4
0609,82.67,2016-08-16,7.5,7.58,7.5,7.67,7.5,7.42,10,10,10,7.5,0.11,0,2,3
0610,82.67,,7.67,7.67,7.42,7.42,7.42,7.5,10,10,10,7.58,0.13,0,0,0
0611,82.67,2016-03-29,7.67,7.67,7.67,7.67,7.5,7.67,10,10,9.33,7.5,0,0,0,7
0612,82.67,2016-02-25,7.5,7.67,7.42,7.75,7.42,7.17,10,10,10,7.75,0.11,0,2,3
0613,82.67,,7.75,7.5,7.33,7.58,7.33,7.75,10,10,10,7.42,0,1,0,9
0614,82.67,2015-10-08,7.58,7.5,7.42,7.67,7.5,7.5,10,10,10,7.5,0,0,0,0
0615,82.67,2015-01-15,7.33,7.5,7.58,7.58,7.67,7.5,10,10,10,7.5,0.12,0,0,9
0616,82.67,2014-12-18,7.5,7.5,7.5,7.5,7.5,7.58,10,10,10,7.58,0.12,0,0,0
0617,82.67,2014-12-15,7.58,7.5,7.5,7.58,7.33,7.58,10,10,10,7.58,0.12,0,0,4
0618,82.67,,8,7.83,7.83,7.42,7.25,7.25,10,10,10,7.08,0.08,0,0,0
0619,82.67,2014-08-15,7.67,7.58,7.42,7.5,7.42,7.5,10,10,10,7.58,0.11,0,0,0
0620,82.67,2014-06-25,7.67,7.5,7.33,7.67,7.5,7.5,10,10,10,7.5,0.12,0,0,0
0621,82.67,2013-12-26,7.67,7.5,7.5,7.5,7.5,7.5,10,10,10,7.5,0.11,0,0,0
0622,82.67,,7.42,7.5,7.5,7.67,7.58,7.5,10,10,10,7.5,0.11,0,0,0
0623,82.67,,7.75,7.58,7.67,7.25,7.58,7.42,10,10,10,7.42,0.11,0,0,3
0624,82.67,2012-08-17,7.92,8,7.5,6.75,7.92,7.58,10,10,9.33,7.67,0,0,0,17
0625,82.67,2012-07-17,7.67,7.67,7.17,7.67,7.5,7.5,10,10,10,7.5,0.11,0,0,0
0626,82.67,2012-06-13,7.83,7.33,7.83,7.33,7.58,7.83,10,10,9.33,7.58,0.12,0,0,0
0627,82.67,2012-06-06,7.58,7.58,7.42,7.58,7.42,7.5,10,10,10,7.58,0.11,0,0,2
0628,82.67,2012-06-06,7.5,7.58,7.58,7.58,7.42,7.42,10,10,10,7.58,0.12,0,0,0
0629,82.67,2011-11-16,7.33,7.58,7.42,7.42,7.67,7.67,10,10,10,7.58,0.11,0,0,0
0630,82.67,2011-09-20,7.83,7.67,7.5,7.67,7.5,7.58,10,10,9.33,7.58,0.03,2,0,0
0631,82.67,2011-04-06,7.75,7.58,7.25,7.75,7.67,7.58,10,10,10,7.08,0,0,0,1
0632,82.67,2011-02-09,8.08,7.67,7.67,7.33,7.33,7.17,10,10,10,7.42,0.08,0,0,3
0633,82.67,,7.5,7.42,7.33,7.33,7.67,7.83,10,10,10,7.58,0.21,0,0,2
0634,82.58,2017-09-08,7.5,7.42,7.42,7.75,7.5,7.5,10,10,10,7.5,0.1,0,1,2
0635,82.58,,7.67,7.42,7.5,7.42,7.58,7.5,10,10,10,7.5,0.11,0,5,0
0636,82.58,2017-04-19,7.5,7.58,7.42,7.5,7.75,7.33,10,10,10,7.5,0.11,0,0,7
0637,82.58,2017-02-13,7.25,7.25,7,7.08,7,7,10,10,10,10,0.11,0,0,0
0638,82.58,2015-12-28,7.42,7.42,7.5,7.33,7.25,7.67,10,10,10,8,0,1,9,2
0639,82.58,2015-09-15,7.83,7.58,7.42,7.33,7.42,7.5,10,10,10,7.5,0.13,0,0,6
0640,82.58,2015-06-09,7.75,7.33,7.42,7.67,7.42,7.5,10,10,10,7.5,0.12,0,0,0
0641,82.58,2015-02-15,7.42,7.58,7.58,7.42,7.58,7.5,10,10,10,7.5,0.12,0,0,1
0642,82.58,2014-12-12,7.75,7.42,7.33,7.5,7.58,7.5,10,10,10,7.5,0.12,0,0,1
0643,82.58,2014-06-30,7.83,7.5,7.42,7.58,7.42,7.42,10,10,10,7.42,0.12,0,0,0
0644,82.58,2014-05-09,7.67,7.42,7.5,7.67,7,7.75,10,10,10,7.58,0.11,0,0,3
0645,82.58,2014-04-18,7.58,7.58,7.42,7.75,7.67,7.67,9.33,10,10,7.58,0,0,0,11
0646,82.58,2013-12-10,7.5,7.58,7.42,7.58,7.42,7.58,10,10,10,7.5,0,0,0,4
0647,82.58,2013-04-16,7.75,7.25,7.33,7.42,7.5,7.83,10,10,10,7.5,0.11,0,0,3
0648,82.58,2012-10-09,7.75,7.5,7.75,7.25,7.33,7.58,10,10,10,7.42,0.11,0,0,3
0649,82.58,2013-02-27,7.58,7.5,7.42,7.58,7.67,7.42,10,10,10,7.42,0.11,0,0,0
0650,82.58,2012-09-04,7.5,7.58,7.5,7.5,7.42,7.5,10,10,10,7.58,0.1,0,0,6
0651,82.58,,7.67,7.58,7.58,7.75,7.67,6.83,10,10,10,7.5,0.12,0,0,0
0652,82.58,2012-06-13,7.33,7.42,7.58,7.42,7.67,7.5,10,10,10,7.67,0.11,2,0,2
0653,82.58,2011-10-28,7.58,7.5,7.33,7.75,7.5,7.5,10,10,10,7.42,0,0,0,4
0654,82.5,2017-10-20,7.5,7.5,7.5,7.5,7.58,7.5,10,10,10,7.42,0.11,0,0,4
0655,82.5,2017-09-04,7.83,7.75,7.25,7.5,7.42,7.33,10,10,10,7.42,0.11,0,0,5
0656,82.5,,7.58,7.58,7.33,7.5,7.5,7.5,10,10,10,7.5,0.1,0,0,4
0657,82.5,2016-03-16,7.5,7.5,7.33,7.5,7.67,7.5,10,10,10,7.5,0.1,0,2,2
0658,82.5,2015-06-09,7.5,7.83,7.5,7.75,7.33,7.42,9.33,10,10,7.83,0.12,0,0,0
0659,82.5,2015-02-15,7.33,7.5,7.5,7.5,7.67,7.5,10,10,10,7.5,0.11,0,0,0
0660,82.5,2014-12-18,7.67,7.42,7.33,7.58,7.5,7.5,10,10,10,7.5,0.12,0,0,1
0661,82.5,2014-12-12,7.75,7,7.42,7.58,7.58,7.58,10,10,10,7.58,0.12,0,0,3
0662,82.5,2014-04-14,7.42,7.58,7.5,7.67,7.25,7.5,10,10,10,7.58,0,0,0,1
0663,82.5,2014-01-14,7.42,7.5,7.67,7.33,7.42,7.67,10,10,10,7.5,0.11,0,0,0
0664,82.5,2013-05-30,7.83,7.42,7.33,7.67,7.42,7.5,10,10,10,7.33,0.12,0,0,4
0665,82.5,2013-05-07,7.5,7.5,7.42,7.42,7.58,7.58,10,10,10,7.5,0.11,0,0,1
0666,82.5,2013-02-26,7.83,7.67,7.17,7.33,7.5,7.67,10,10,10,7.33,0.11,0,0,0
0667,82.5,2012-09-27,7.5,7.58,7.5,7.5,7.42,7.42,10,10,10,7.58,0.13,0,0,10
0668,82.5,2012-07-26,7.67,7.5,7.33,7.67,7.5,7.33,10,10,10,7.5,0.12,0,0,5
0669,82.5,2012-06-07,7.92,7.5,7.33,7.58,7.25,7.42,10,10,10,7.5,0.11,0,0,2
0670,82.5,2012-03-26,7.67,7.33,7.33,7.33,7.5,7.83,10,10,10,7.5,0.11,0,0,5
0671,82.5,2012-03-16,7.67,7.42,7.33,7.67,7.5,7.5,10,10,10,7.42,0,0,0,4
0672,82.5,2012-03-05,7.67,7.5,7.33,7.5,7.25,7.67,10,10,10,7.58,0.11,1,0,3
0673,82.5,,7.33,7.42,7.33,7.75,7.42,7.67,10,10,10,7.58,0.12,2,0,3
0674,82.5,,7.75,7.58,7.67,7.67,7.58,7.58,9.33,10,10,7.33,0.01,1,0,14
0675,82.42,2017-09-27,7.42,7.67,7.17,7.58,7.58,7.5,10,10,10,7.5,0.12,0,1,6
0676,82.42,2017-09-08,7.58,7.5,7.33,7.75,7.33,7.5,10,10,10,7.42,0.1,0,1,2
0677,82.42,2017-06-01,7.67,7.58,7.25,7.67,7.42,7.33,10,10,10,7.5,0.12,0,0,0
0678,82.42,2017-06-01,7.58,7.5,7.25,7.67,7.5,7.5,10,10,10,7.42,0.12,0,0,0
0679,82.42,2017-01-20,7.5,7.42,7.08,7.75,7.67,7.5,10,10,10,7.5,0.11,0,2,3
0680,82.42,2016-08-05,5.08,7.75,7.83,7.75,7.83,8.08,10,10,10,8.08,0.11,0,0,1
0681,82.42,2016-04-06,7.67,7.42,7.42,7.5,7.42,7.42,10,10,10,7.58,0.1,0,0,0
0682,82.42,2016-01-12,7.42,7.5,7.33,7.5,7.25,7.42,10,10,10,8,0.11,0,1,0
0683,82.42,2015-11-16,7.67,7.25,7.42,7.42,7.67,7.42,10,10,10,7.58,0.13,0,0,7
0684,82.42,2015-10-08,7.17,7.83,7.33,7.5,7.75,7.42,10,10,10,7.42,0,0,0,0
0685,82.42,2014-12-18,7.5,7.5,7.5,7.67,7.42,7.5,10,10,10,7.33,0.1,0,0,0
0686,82.42,2014-08-14,7.42,7.5,7.42,7.58,7.42,7.5,10,10,10,7.58,0.11,0,0,0
0687,82.42,2014-05-08,7.58,7.67,7.33,7.5,7.5,7.42,10,10,10,7.42,0.12,0,0,1
0688,82.42,2014-01-21,7.58,7.58,7.58,7.75,7.5,7.58,9.33,10,10,7.5,0,0,0,3
0689,82.42,2013-12-30,7.25,7.33,7.25,7.5,7.42,7.5,10,10,10,8.17,0,0,0,0
0690,82.42,2013-12-12,7.5,7.58,7.5,7.92,7.42,7.67,9.33,10,10,7.5,0.12,0,0,0
0691,82.42,2013-12-10,7.25,7.67,7.42,7.17,7.75,7.5,10,10,10,7.67,0.09,0,0,2
0692,82.42,2013-05-31,7.67,7.42,7.33,7.5,7.58,7.5,10,10,10,7.42,0.11,0,0,9
0693,82.42,2013-03-29,7.5,7.42,7.42,7.67,7.42,7.58,10,10,10,7.42,0.12,0,0,5
0694,82.42,2012-09-11,7.42,7.58,7.5,7.42,7.58,7.5,10,10,10,7.42,0.13,0,0,2
0695,82.42,2012-09-10,7.42,7.58,7.33,7.58,7.5,7.5,10,10,10,7.5,0.14,0,0,9
0696,82.42,2012-08-31,7.75,7.33,7.25,7.58,7.58,7.33,10,10,10,7.58,0.13,0,0,1
0697,82.42,2012-07-25,7.5,7.58,7.33,7.5,7.5,7.5,10,10,10,7.5,0.11,0,0,0
0698,82.42,2012-07-11,7.58,7.58,7.17,7.5,7.5,7.5,10,10,10,7.58,0.14,0,0,6
0699,82.42,,7.58,7.33,7.33,7.58,7.5,7.5,10,10,10,7.58,0.11,0,0,0
0700,82.42,2012-06-06,7.67,7.58,7.33,7.42,7.58,7.33,10,10,10,7.5,0.13,0,0,4
0701,82.42,2012-04-09,7.83,7.5,7.42,7.67,7.17,7.33,10,10,10,7.5,0.12,0,0,0
0702,82.42,2012-01-31,7.67,7.33,7.25,7.42,7.5,7.67,10,10,10,7.58,0,0,0,2
0703,82.42,,7.75,7.5,7.42,7.42,7.5,7.42,10,10,10,7.42,0.11,0,0,2
0704,82.42,,7.33,7.58,7.17,7.58,7.42,7.58,10,10,10,7.75,0,0,0,2
0705,82.42,,7.58,7.25,7.42,7.25,7.58,7.83,10,10,10,7.5,0.02,0,0,1
0706,82.33,2017-04-06,7.5,7.58,7.33,7.5,7.42,7.42,10,10,10,7.58,0.1,0,1,8
0707,82.33,2017-02-09,7.33,7.5,7.5,7.33,7.5,7.5,10,10,10,7.67,0.11,0,3,11
0708,82.33,2016-10-13,7.42,7.42,7.42,7.5,7.5,7.58,10,10,10,7.5,0.11,0,4,14
0709,82.33,2016-08-16,7.5,7.5,7.42,7.5,7.42,7.5,10,10,10,7.5,0.11,0,2,3
0710,82.33,2016-07-15,7.75,7.5,7.25,7.25,7.42,7.67,10,10,10,7.5,0.1,6,1,3
0711,82.33,2016-05-17,7.75,7.33,7.5,7.5,7.33,7.58,10,10,10,7.33,0,0,2,0
0712,82.33,2016-04-05,7.5,7.58,7.42,7.5,7.42,7.42,10,10,10,7.5,0.12,0,6,2
0713,82.33,2015-10-08,8.25,7.83,7.25,8.33,8.17,8.08,10,6.67,10,7.75,0.07,0,0,0
0714,82.33,2015-04-20,7.42,7.5,7.5,7.42,7.5,7.58,10,10,10,7.42,0.11,0,0,10
0715,82.33,2015-03-10,7.5,7.42,7.17,7.83,7.5,7.5,10,10,10,7.42,0.1,0,0,6
0716,82.33,2014-11-04,7.33,7.58,7.42,7.58,7.33,7.5,10,10,10,7.58,0.12,0,0,0
0717,82.33,2014-10-15,7.75,8.08,7.67,8.08,8.08,8,10,10,6.67,8,0.11,0,0,0
0718,82.33,2014-06-10,7.58,7.67,7.5,7.58,7.75,7.5,9.33,10,10,7.42,0.12,0,0,3
0719,82.33,,7.33,7.58,7.42,7.5,7.5,7.5,10,10,10,7.5,0.11,0,0,0
0720,82.33,2014-01-21,7.42,7.33,7.5,7.17,7.08,8.33,10,10,10,7.5,0.1,0,0,2
0721,82.33,2013-12-26,7.5,7.5,7.5,7.5,7.5,7.5,10,10,10,7.33,0.11,0,0,0
0722,82.33,2013-12-26,7.5,7.5,7.5,7.5,7.5,7.5,10,10,10,7.33,0.11,0,0,0
0723,82.33,2013-07-16,7.5,7.42,7.58,7.5,7.5,7.58,10,10,10,7.25,0.12,2,0,1
0724,82.33,2013-06-21,7.5,7.42,7.5,7.5,7.5,7.58,10,10,10,7.33,0,0,0,1
0725,82.33,2013-03-15,7.67,7.5,7.42,7.5,7.42,7.42,10,10,10,7.42,0.12,0,0,3
0726,82.33,2012-10-09,7.92,7.58,7.25,7.75,7.92,7.58,9.33,9.33,10,7.67,0,0,0,14
0727,82.33,2012-10-05,7.67,7.5,7.33,7.67,7.5,7.33,10,10,10,7.33,0.11,0,0,3
0728,82.33,2012-09-27,7.58,7.67,7.58,7.33,7,7.58,10,10,10,7.58,0.15,1,0,8
0729,82.33,2012-08-31,7.67,7.58,7.5,7.58,7.5,7.5,10,10,10,7,0.13,0,0,9
0730,82.33,,7.5,7.67,7.33,7.5,7.33,7.5,10,10,10,7.5,0.1,2,0,5
0731,82.33,2012-04-11,7.58,7.5,7.42,7.5,7.5,7.42,10,10,10,7.42,0.12,0,0,2
0732,82.33,2012-03-05,8,7.75,7.33,7.33,7.08,7.67,9.33,10,10,7.83,0.11,0,0,0
0733,82.33,2012-02-17,7.58,7.58,7.25,7.58,7.42,7.5,10,10,10,7.42,0.11,0,0,2
0734,82.33,2012-01-31,7.83,7.58,7.33,7.25,7.58,7.42,10,10,10,7.33,0,0,0,0
0735,82.25,2017-11-15,7.58,7.5,7.25,7.42,7.67,7.33,10,10,10,7.5,0.09,2,6,10
0736,82.25,2017-02-13,7,7.08,7,7.17,7,7,10,10,10,10,0.1,0,0,0
0737,82.25,2016-08-31,7.67,7.5,7.25,7.67,7.42,7.42,10,10,10,7.33,0.11,0,2,2
0738,82.25,2015-10-08,7.42,7.67,7.5,7.08,7.5,7.42,10,10,10,7.67,0,0,0,9
0739,82.25,2015-07-08,7.58,7.67,7.5,7.67,7.83,8.42,9.33,9.33,9.33,7.58,0.12,0,0,0
0740,82.25,2015-04-15,7.58,7.5,7.42,7.58,7.42,7.42,10,10,10,7.33,0.11,0,0,2
0741,82.25,2014-11-04,7.58,7.42,7.33,7.42,7.58,7.5,10,10,10,7.42,0.13,0,0,0
0742,82.25,2014-10-16,7.75,7.58,7.42,7.42,7.33,7.33,10,10,10,7.42,0.11,0,0,0
0743,82.25,2013-12-26,7.5,7.5,7.5,7.5,7.5,7.5,10,10,10,7.25,0.11,0,0,0
0744,82.25,2013-07-19,7.58,7.58,7.42,7.42,7.42,7.42,10,10,10,7.42,0.12,0,0,4
0745,82.25,,7.33,7.42,7.5,7.67,7.5,7.42,10,10,10,7.42,0,0,0,1
0746,82.25,2012-09-27,7.58,7.58,7.5,7.17,7.42,7.42,10,10,10,7.58,0.16,3,0,8
0747,82.25,2012-09-19,7.5,7.5,7.33,7.58,7.67,7.33,10,10,10,7.33,0.11,0,0,2
0748,82.25,2012-08-31,7.5,7.58,7.42,7.67,7.33,7.42,10,10,10,7.33,0.13,0,0,3
0749,82.25,2012-08-30,7.67,7.58,7.33,7.5,7.42,7.42,10,10,10,7.33,0.12,0,0,13
0750,82.25,2012-08-21,7.75,7.33,7.33,7.5,7.5,7.5,10,10,10,7.33,0,2,0,5
0751,82.25,2012-07-11,7.33,7.58,7.42,7.67,7.33,7.5,10,10,10,7.42,0.11,0,0,0
0752,82.25,,7.42,7.5,7.42,7.58,7.42,7.5,10,10,10,7.42,0.1,0,0,3
0753,82.25,,7.5,7.42,7.67,7.33,7.58,7.33,10,10,10,7.42,0.12,0,0,1
0754,82.25,2012-02-09,7.67,7.33,7.33,7.33,7.5,7.5,10,10,10,7.58,0.11,0,0,0
0755,82.25,,7.67,7.58,7.42,7,7.5,7.58,10,10,10,7.5,0.12,0,0,1
0756,82.25,2011-03-01,7.17,7.25,7.58,7.25,7.58,7.67,10,10,10,7.75,0.22,0,0,2
0757,82.17,2016-08-16,7.42,7.42,7.5,7.42,7.42,7.5,10,10,10,7.5,0.11,0,1,5
0758,82.17,2016-06-09,7.5,7.5,7.17,7.42,7.5,7.5,10,10,10,7.58,0.11,0,1,2
0759,82.17,2016-03-15,7.5,7.5,7.33,7.42,7.5,7.42,10,10,10,7.5,0.1,0,0,1
0760,82.17,2015-11-16,7.58,7.42,7.42,7.33,7.5,7.42,10,10,10,7.5,0.13,1,0,6
0761,82.17,2015-10-20,7.42,7.42,7.42,7.5,7.5,7.33,10,10,10,7.58,0.12,0,0,1
0762,82.17,2015-10-08,6.92,7.58,7.42,7.33,7.83,7.5,10,10,10,7.58,0,0,0,1
0763,82.17,2015-06-09,7.42,7.42,7.17,7.75,7.25,7.67,10,10,10,7.5,0.12,0,0,0
0764,82.17,2015-04-15,7.67,7.5,7.25,7.42,7.58,7.42,10,10,10,7.33,0.11,0,0,2
0765,82.17,2015-03-21,7.42,7.42,7.5,7.5,7.42,7.5,10,10,10,7.42,0.09,0,0,4
0766,82.17,2015-01-15,7.58,7.5,7.42,7.25,7.5,7.42,10,10,10,7.5,0.12,0,0,1
0767,82.17,2014-12-15,7.75,7.42,7.42,7.58,7.33,7.42,10,10,10,7.25,0.12,0,0,1
0768,82.17,2014-07-15,7.42,7.33,7.17,7.42,7.33,8.17,10,10,10,7.33,0.12,0,0,0
0769,82.17,2014-04-10,7.5,7.5,7.33,7.42,7.5,7.42,10,10,10,7.5,0.1,1,0,1
0770,82.17,2013-12-26,7.5,7.5,7.5,7.5,7.5,7.5,10,10,10,7.17,0.11,0,0,0
0771,82.17,2013-05-29,7.67,7.5,7.5,7.17,7.17,7.58,10,10,10,7.58,0,0,0,0
0772,82.17,2013-03-20,7.33,7.25,7.25,7.58,7.75,7.5,10,10,10,7.5,0,0,0,1
0773,82.17,2012-09-27,7.5,7.67,7,7.5,7.33,7.5,10,10,10,7.67,0.15,1,0,9
0774,82.17,,7.25,7.75,7,7.75,8.17,7.75,10,10,9.33,7.17,0.12,0,0,2
0775,82.17,2012-07-11,7.5,7.58,7.25,7.5,7.5,7.33,10,10,10,7.5,0.12,0,0,4
0776,82.17,,7,7.67,7.5,7.5,7.42,7.5,10,10,10,7.58,0.1,0,0,1
0777,82.17,2011-02-09,7.58,7.67,7.42,7.17,7.17,7.75,10,10,10,7.42,0.08,0,0,0
0778,82.08,,7.5,7.5,7.42,7.42,7.5,7.42,10,10,10,7.33,0.15,0,0,3
0779,82.08,2017-02-20,7.75,7.58,7.42,7.67,7.83,7.58,9.33,9.33,10,7.58,0,0,7,6
0780,82.08,2016-08-16,7.42,7.58,7.42,7.5,7.42,7.25,10,10,10,7.5,0.11,0,1,3
0781,82.08,2015-10-08,7.25,7.25,7.58,7.58,7.25,7.92,10,10,10,7.25,0,0,0,1
0782,82.08,2015-04-10,7.75,7.42,7.42,7.25,7.17,7.42,10,10,10,7.67,0,0,0,0
0783,82.08,2015-03-25,7.42,7.33,7.42,7.42,7.5,7.58,10,10,10,7.42,0.12,0,0,5
0784,82.08,2015-01-08,7.42,7.5,7.5,7.33,7.33,7.5,10,10,10,7.5,0.12,0,0,3
0785,82.08,2014-09-12,7.5,7.42,7.42,7.42,7.67,7.42,10,10,10,7.25,0.11,1,0,0
0786,82.08,2014-03-21,7.58,7.33,7.33,7.33,7.5,7.67,10,10,10,7.33,0.11,0,0,2
0787,82.08,2012-11-26,7.25,7.58,7.58,7.25,7.5,7.42,10,10,10,7.5,0.11,0,0,0
0788,82.08,2012-09-10,7.42,7.58,7.5,7.33,7.42,7.42,10,10,10,7.42,0.13,0,0,7
0789,82.08,2012-08-30,7.5,7.42,7.42,7.5,7.25,7.5,10,10,10,7.5,0.13,3,0,13
0790,82.08,2012-07-26,7.67,7.5,7.25,7.58,7.42,7.33,10,10,10,7.33,0.11,0,0,11
0791,82.08,,7.67,8,7.17,7.08,7.67,7.08,10,10,10,7.42,0.12,0,0,2
0792,82.08,2012-07-11,7.58,7.42,7.25,7.75,7.33,7.42,10,10,10,7.33,0.11,0,0,1
0793,82.08,,7.33,7.5,7.33,7.58,7.08,7.83,10,10,10,7.42,0.1,0,0,2
0794,82.08,2011-04-18,7.67,7.42,7.67,7.33,7.25,7.58,10,10,10,7.17,0.08,1,0,5
0795,82,2017-06-01,7.5,7.5,7.17,7.5,7.5,7.42,10,10,10,7.42,0.12,0,0,1
0796,82,2017-04-06,7.5,7.5,7.25,7.33,7.42,7.5,10,10,10,7.5,0.1,0,1,7
0797,82,2016-08-16,7.5,7.33,7.42,7.5,7.33,7.42,10,10,10,7.5,0.11,0,2,3
0798,82,2015-11-16,7.67,7.33,7.33,7.42,7.42,7.42,10,10,10,7.42,0.13,0,0,20
0799,82,2015-11-05,7.42,7.5,7.25,7.33,7.5,7.5,10,10,10,7.5,0.12,0,0,0
0800,82,2014-12-18,7.42,7.42,7.33,7.58,7.33,7.42,10,10,10,7.5,0.12,0,0,3
0801,82,2014-10-31,7.5,7.42,7.33,7.58,7.33,7.5,10,10,10,7.33,0.13,0,0,1
0802,82,,7.33,7.5,7.17,7.42,7.5,7.33,10,10,10,7.75,0.09,0,0,0
0803,82,2014-06-20,7.58,7.5,7.42,7.42,7.33,7.42,10,10,10,7.33,0.11,0,0,0
0804,82,2014-06-09,7.5,7.25,7.33,7.33,7.75,7.5,10,10,10,7.33,0.1,0,0,4
0805,82,2014-04-30,7.33,7.33,7.33,7.5,7.5,7.83,10,10,10,7.17,0.11,0,0,5
0806,82,2013-09-13,7.33,7.33,7.58,7.5,7.5,7.58,10,10,10,7.17,0.11,0,0,1
0807,82,,7.42,7.58,7.33,7.42,8,7.5,9.33,10,10,7.42,0.12,0,0,0
0808,82,2013-05-21,7.33,7.67,7.42,7.17,7.33,7.42,10,10,10,7.67,0.11,0,0,0
0809,82,2012-07-11,7.67,7.33,7.25,7.5,7.42,7.42,10,10,10,7.42,0.12,0,0,1
0810,82,2012-06-04,7.42,7.5,7.33,7.5,7.33,7.5,10,10,10,7.42,0.12,0,0,1
0811,82,2012-04-11,7.42,7.5,7.25,7.5,7.5,7.42,10,10,10,7.42,0.11,0,0,1
0812,82,2012-03-26,7.33,7.33,7.33,7.5,7.67,7.67,10,10,10,7.17,0.11,0,0,3
0813,82,2012-02-17,7.58,7.5,7.17,7.5,7.5,7.42,10,10,10,7.33,0.12,0,0,2
0814,82,2012-02-01,7.75,7.33,7.33,7.42,7.75,7.67,10,10,9.33,7.42,0,0,0,10
0815,82,2011-07-29,7.33,7,7.08,7.42,7.5,7.67,10,10,10,8,0.07,0,0,2
0816,81.92,,7.58,7.5,7.25,7.58,7.58,7.5,9.33,10,10,7.58,0.1,0,0,1
0817,81.92,,7.5,7.5,7.25,7.42,7.42,7.42,10,10,10,7.42,0.11,0,2,0
0818,81.92,2017-06-01,7.58,7.5,7.25,7.33,7.42,7.5,10,10,10,7.33,0.12,0,0,1
0819,81.92,2016-10-26,7.42,7.33,7.33,7.5,7.5,7.33,10,10,10,7.5,0.11,0,0,4
0820,81.92,2015-05-05,7.67,7.58,7.33,7.5,7.5,7.67,10,10,9.33,7.33,0.11,0,0,2
0821,81.92,2015-04-20,7.58,7.58,7.17,7.83,7.17,7.33,10,10,10,7.25,0.11,0,0,7
0822,81.92,2015-01-06,7.33,7.33,7.33,7.42,7.5,7.58,10,10,10,7.42,0.12,0,0,4
0823,81.92,2014-07-29,7.58,7.42,7.25,7.17,7.5,7.67,10,10,10,7.33,0.12,3,0,4
0824,81.92,2014-06-20,7.67,7.08,7.42,7.33,7.75,7.42,10,10,10,7.25,0,1,0,3
0825,81.92,2014-01-17,7.42,7.33,7.33,7.58,7.33,7.5,10,10,10,7.42,0.11,0,0,0
0826,81.92,2013-12-26,7.5,7.5,7.42,7.25,7.5,7.5,10,10,10,7.25,0.11,0,0,0
0827,81.92,2013-03-29,7.58,7.5,7.25,7.58,7.5,7.25,10,10,10,7.25,0.12,0,0,6
0828,81.92,2012-09-27,7.5,7.5,7.25,7.25,7.5,7.5,10,10,10,7.42,0.13,2,0,7
0829,81.92,2012-09-27,7.5,7.42,7.25,7.5,7.33,7.33,10,10,10,7.58,0.14,2,0,8
0830,81.92,2012-07-11,7.33,7.58,7.17,7.58,7.42,7.33,10,10,10,7.5,0.12,0,0,4
0831,81.92,2012-07-11,7.67,7.42,7.33,7.83,7.5,7.5,9.33,10,10,7.33,0.12,0,0,0
0832,81.92,2012-02-29,7.42,7.58,7.25,7.5,7.33,7.5,10,10,10,7.33,0.12,0,0,3
0833,81.92,2011-02-01,7.67,7.33,7.33,7.58,7.33,7.33,10,10,10,7.33,0.09,0,0,1
0834,81.83,,7.42,7.5,7.25,7.5,7.33,7.42,10,10,10,7.42,0.1,1,0,1
0835,81.83,2017-02-13,7.25,7.33,7.5,7.33,7.67,7.42,10,10,10,7.33,0,1,0,4
0836,81.83,2017-01-20,7.42,7.5,7.42,7.5,7.42,7.25,10,10,10,7.33,0.11,0,1,3
0837,81.83,2017-01-19,7.75,7.83,7.58,7.75,7.92,7.83,10,10,10,5.17,0.11,0,1,0
0838,81.83,,7.58,7.5,7.33,7.42,7.58,7.25,10,10,10,7.17,0.1,2,0,6
0839,81.83,2015-10-08,7.17,7.58,6.83,7.5,7.75,7.25,10,10,10,7.75,0,0,0,1
0840,81.83,2015-10-08,7.58,7,6.92,6.92,7.67,7.5,10,10,10,8.25,0,0,0,0
0841,81.83,2015-07-17,7.33,7.58,7.5,7.42,7.33,7.33,10,10,10,7.33,0,0,0,2
0842,81.83,2015-06-25,7.58,7.5,7.33,7.5,7.17,7.33,10,10,10,7.42,0.11,0,0,7
0843,81.83,2015-05-12,7.5,7.5,7.33,7.5,7.42,7.25,10,10,10,7.33,0.12,0,0,1
0844,81.83,2015-05-07,7.67,7.5,7.5,7.25,7.08,7.42,10,10,10,7.42,0.09,0,0,0
0845,81.83,2015-04-30,7.67,7.33,7.17,7.25,7.75,7.33,10,10,10,7.33,0,0,0,0
0846,81.83,2015-03-21,7.42,7.42,7.42,7.33,7.42,7.42,10,10,10,7.42,0.11,2,0,6
0847,81.83,2014-10-31,7.58,7.42,7.33,7.33,7.33,7.42,10,10,10,7.42,0.13,0,0,0
0848,81.83,2014-10-15,7.33,7.58,7.25,7.17,7.83,7.33,10,10,10,7.33,0.11,0,0,0
0849,81.83,2014-05-16,7.5,7.5,7.33,7.33,7.33,7.33,10,10,10,7.5,0.1,0,0,4
0850,81.83,2014-04-26,7.42,7.42,7.25,7.5,7.33,7.42,10,10,10,7.5,0.11,0,0,0
0851,81.83,2013-07-19,7.5,7.5,7,7.42,7.5,7.58,10,10,10,7.33,0,2,0,0
0852,81.83,2013-03-06,7.83,7.83,7.83,8,7.83,7.83,10,6.67,10,8,0,1,0,1
0853,81.83,,7.75,7.75,7.5,7.42,7.83,7.75,9.33,9.33,9.33,7.83,0.12,0,0,0
0854,81.83,2013-02-26,7.83,7.67,7.33,7.33,7.67,7.83,9.33,10,9.33,7.5,0.11,0,0,1
0855,81.83,2012-08-31,7.83,7.33,7.25,7.58,7.25,7.33,10,10,10,7.25,0.12,0,0,2
0856,81.83,2012-07-11,7.33,7.33,7.25,7.5,7.5,7.5,10,10,10,7.42,0.12,0,0,10
0857,81.83,2011-10-28,7.33,7.67,7.25,7.5,7.5,7.25,10,10,10,7.33,0.02,0,0,2
0858,81.83,2011-06-14,7.58,7.5,7.17,7.58,7.33,7.33,10,10,10,7.33,0.05,0,0,0
0859,81.83,2010-05-24,7.25,7.58,7.83,7.67,7.75,7.75,9.33,9.33,10,7.33,0.02,3,0,12
0860,81.75,,7.5,7.5,7.25,7.42,7.42,7.33,10,10,10,7.33,0.11,0,1,1
0861,81.75,2015-12-21,7,7.08,7.33,7.5,7.5,7.33,10,10,10,8,0.12,0,0,0
0862,81.75,2015-01-08,7.42,7.42,7.42,7.42,7.33,7.33,10,10,10,7.42,0.12,0,0,4
0863,81.75,2014-08-25,7.17,7.25,7.17,7.25,7.42,8.25,10,10,10,7.25,0.1,0,0,1
0864,81.75,2012-09-27,7.5,7.5,7.33,7.42,7.25,7.25,10,10,10,7.5,0.13,2,0,9
0865,81.75,2012-09-10,7.42,7.5,7.17,7.67,7.33,7.42,10,10,10,7.25,0.13,0,0,23
0866,81.75,2012-09-04,7.42,7.5,7.33,7.58,7.33,7.33,10,10,10,7.25,0.11,0,0,1
0867,81.75,2012-08-30,7.33,7.42,7.33,7.67,7.42,7.25,10,10,10,7.33,0.12,10,0,14
0868,81.75,2012-06-06,7.5,7.42,7.25,7.33,7.67,7.25,10,10,10,7.33,0.12,0,0,1
0869,81.75,,7.33,7.42,7.33,7.33,7.5,7.67,10,10,10,7.17,0,0,0,1
0870,81.75,2011-10-04,7.42,7.58,6.92,7.08,7.25,8,10,10,10,7.5,0.08,0,0,0
0871,81.67,2017-10-20,7.42,7.5,7.25,7.5,7.5,7.25,10,10,10,7.25,0.11,0,0,5
0872,81.67,,7.42,7.42,7.08,7.42,7.33,7.42,10,10,10,7.58,0.1,0,0,1
0873,81.67,2017-06-05,7.42,7.33,7.17,7.67,7.33,7.42,10,10,10,7.33,0.12,0,1,3
0874,81.67,,7.58,7.5,7.33,7.33,7.42,7.25,10,10,10,7.25,0.11,0,0,2
0875,81.67,2016-04-27,7.17,7.33,7.33,7.42,7.5,7.33,10,10,10,7.58,0,0,0,1
0876,81.67,2016-03-11,7.58,7.5,7.25,7.25,7.5,7.25,10,10,10,7.33,0.1,0,0,1
0877,81.67,2016-01-21,7.75,7.75,7.75,7.67,5.25,7.83,10,10,10,7.67,0,0,1,1
0878,81.67,2015-10-08,7.25,7.75,6.92,7.42,7.5,7.58,10,10,10,7.25,0,0,0,0
0879,81.67,,7.42,7.33,7.25,7.42,7.5,7.42,10,10,10,7.33,0.12,0,0,0
0880,81.67,2014-12-15,7.33,7.33,7.5,7.25,7.42,7.33,10,10,10,7.5,0.12,0,0,7
0881,81.67,2014-10-16,7.25,7.42,7.25,7.5,7.5,7.42,10,10,10,7.33,0.1,0,0,2
0882,81.67,,7.17,7.42,7.33,7.42,7.33,7.42,10,10,10,7.58,0.11,0,0,0
0883,81.67,2014-05-16,7.5,7.33,7.5,7.5,7.17,7.17,10,10,10,7.5,0.1,0,0,5
0884,81.67,2014-04-26,7.5,7.17,7.17,7.17,7.5,7.08,10,10,10,8.08,0.11,0,0,3
0885,81.67,,7.42,7.42,7.67,8,7.58,7.5,9.33,9.33,10,7.42,0,0,0,4
0886,81.67,2013-12-26,7.5,7.5,7.5,7.25,7.42,7.25,10,10,10,7.25,0.11,0,0,0
0887,81.67,2013-12-26,7.58,7.42,7.33,7.42,7.33,7.33,10,10,10,7.25,0.11,0,0,0
0888,81.67,2013-03-29,7.5,7.42,7.08,7.58,7.33,7.33,10,10,10,7.42,0.12,0,0,6
0889,81.67,2012-10-05,7.5,7.67,7.33,7.33,7.33,7.33,10,10,10,7.17,0.11,0,0,4
0890,81.67,2012-09-11,7.25,7.67,7.58,7.67,7.67,7.58,8.67,10,10,7.58,0.13,1,0,13
0891,81.67,2012-08-30,7.67,7.25,7.17,7.75,7.5,7.25,10,10,10,7.08,0.11,0,0,4
0892,81.67,2012-07-27,7.5,7.42,7.33,7.42,7.42,7.42,10,10,10,7.17,0.11,0,0,2
0893,81.67,,7.58,7.42,7.25,7.58,7.25,7.17,10,10,10,7.42,0.11,0,0,2
0894,81.67,2012-02-29,7.75,7.58,7.25,7.17,7.58,7.33,9.33,10,10,7.67,0.11,0,0,4
0895,81.67,2012-02-08,7.42,7.33,7.33,7.33,7.17,7.83,10,10,10,7.25,0.1,1,0,1
0896,81.58,2018-01-19,7.5,7.42,7.08,7.42,7.5,7.33,10,10,10,7.33,0.11,0,1,3
0897,81.58,2017-06-01,7.42,7.42,7.08,7.5,7.42,7.33,10,10,10,7.42,0.12,0,0,0
0898,81.58,2016-07-15,7.42,7.42,7.25,7.67,7.33,7.25,10,10,10,7.25,0.1,0,0,0
0899,81.58,,7.58,7.42,7.5,7.17,7.08,7.58,10,10,10,7.25,0.12,0,0,1
0900,81.58,2014-12-18,7.42,7.42,7.33,7.42,7.42,7.33,10,10,10,7.25,0.12,0,0,5
0901,81.58,2014-10-31,7.42,7.42,7.17,7.58,7.33,7.33,10,10,10,7.33,0.13,0,0,0
0902,81.58,2014-08-25,7.33,7.17,7.08,7.08,8.33,8.25,10,10,9.33,7,0,0,0,0
0903,81.58,2013-11-06,7.42,7.42,7.33,7.33,7.5,7.25,10,10,10,7.33,0.12,0,0,3
0904,81.58,2013-07-16,7.42,7.33,7.17,7.58,7.42,7.5,10,10,10,7.17,0.12,0,0,1
0905,81.58,2013-03-29,7.67,7.5,7.42,7.5,6.75,7.42,10,10,10,7.33,0.12,0,0,9
0906,81.58,2012-06-06,7.33,7.5,7.25,7.5,7.5,7.17,10,10,10,7.33,0.11,0,0,0
0907,81.58,2012-06-06,7.67,7.58,7.42,7.58,7.58,7.42,10,10,8.67,7.67,0.11,0,0,2
0908,81.58,2011-11-16,7.08,7.33,7.58,7.58,7.17,7.5,10,10,10,7.33,0.01,0,0,0
0909,81.58,2011-08-16,7.33,7.33,7.17,7.5,7.58,7.33,10,10,10,7.33,0.2,0,0,0
0910,81.58,2011-06-14,7.25,7.17,7.33,7.33,7.5,7.75,10,10,10,7.25,0,0,0,1
0911,81.5,,7.67,7.58,7.17,7.42,7.33,7.42,9.33,10,10,7.58,0.1,0,0,0
0912,81.5,2017-06-20,7.5,7.42,7.33,7.33,7.25,7.33,10,10,10,7.33,0.11,0,0,3
0913,81.5,,7.5,7.5,7.33,7.42,7.17,7.25,10,10,10,7.33,0.1,0,0,5
0914,81.5,2017-06-01,7.5,7.42,7.25,7.25,7.5,7.25,10,10,10,7.33,0.12,0,0,0
0915,81.5,2015-09-17,7.5,7.42,7.33,7.08,7.58,7.25,10,10,10,7.33,0.12,0,0,2
0916,81.5,2015-07-17,7.25,7.42,7.25,7.5,7.33,7.33,10,10,10,7.42,0,0,0,4
0917,81.5,2015-01-07,7.83,7.33,7.08,7.08,7.33,7.5,10,10,10,7.33,0.12,1,0,2
0918,81.5,2014-11-04,7.67,7.42,6.92,7.5,7.5,7.17,10,10,10,7.33,0.12,0,0,0
0919,81.5,,7.5,7.42,7.17,7.58,7.25,7.42,10,10,10,7.17,0.12,0,0,0
0920,81.5,2014-08-18,7.42,7.33,7.67,7.33,7.42,7.5,10,10,9.33,7.5,0.11,0,0,0
0921,81.5,2014-07-29,7.58,7.5,7.5,7.67,7.67,7.83,9.33,9.33,9.33,7.75,0,1,0,1
0922,81.5,2014-05-05,7.42,7.33,7.25,7.42,7.42,7.33,10,10,10,7.33,0.11,0,0,0
0923,81.5,2013-12-26,7.5,7.42,7.25,7.25,7.33,7.33,10,10,10,7.42,0.11,0,0,0
0924,81.5,2013-03-11,7.33,7.33,7.17,7.42,7.5,7.5,10,10,10,7.25,0.13,0,0,2
0925,81.5,2012-08-30,7.58,7.42,7.25,7.42,7.33,7.33,10,10,10,7.17,0.12,0,0,5
0926,81.5,2012-08-29,7.42,7.25,7.17,7.42,7.17,8,10,10,10,7.08,0.12,0,0,10
0927,81.5,2012-08-01,7.33,7.5,7.33,7.33,7.33,7.42,10,10,10,7.25,0.11,0,0,6
0928,81.5,2012-07-26,7.42,7.42,7.33,7.17,7.25,7.42,10,10,10,7.5,0.13,0,0,5
0929,81.5,2012-07-26,7.5,7.5,7.25,7.5,7.42,7.58,9.33,10,10,7.42,0.11,0,0,3
0930,81.5,2012-05-24,7.75,7.17,7.17,7.33,7.58,7.33,10,10,10,7.17,0.12,0,0,0
0931,81.5,2012-04-12,7.5,7.42,7.17,7.42,7.5,7.33,10,10,10,7.17,0.12,0,0,2
0932,81.5,2012-01-25,7.33,7.5,7.33,7.42,7.17,7.33,10,10,10,7.42,0.11,0,0,1
0933,81.5,2011-09-07,7.42,7.42,7.17,7.42,7.42,7.33,10,10,10,7.33,0.06,1,0,0
0934,81.5,2010-06-29,7.33,7.33,7.33,7.5,7.5,7.83,9.33,10,10,7.33,0,0,0,17
0935,81.42,2017-05-12,7.58,7.33,7.08,7.33,7.5,7.33,10,10,10,7.25,0.12,1,5,17
0936,81.42,2016-03-17,7.42,7.33,7.08,7.58,7.33,7.25,10,10,10,7.42,0.1,0,0,0
0937,81.42,,7.33,7.5,7.5,7.33,6.83,7.42,10,10,10,7.5,0.11,0,0,2
0938,81.42,2015-05-12,7.5,7.33,7.17,7.25,7.5,7.42,10,10,10,7.25,0.12,0,0,1
0939,81.42,,7.83,7.75,7.42,7.17,7.08,7.08,10,10,10,7.08,0.12,0,0,0
0940,81.42,2014-11-04,7.58,7.17,7.33,7.42,7.08,7.42,10,10,10,7.42,0.12,0,0,0
0941,81.42,2014-10-17,7.25,7.5,7.42,7.17,7.33,7.33,10,10,10,7.42,0,0,0,0
0942,81.42,2014-05-26,7.42,7.5,7.17,7.42,7.42,7.42,10,10,10,7.08,0.1,0,0,6
0943,81.42,2014-05-01,7.67,7.33,7.25,7.17,7.25,7.42,10,10,10,7.33,0,1,0,1
0944,81.42,2014-02-27,7.42,7.42,7.17,7.33,7.42,7.42,10,10,10,7.25,0.1,1,0,5
0945,81.42,2013-10-07,7.42,7.33,7.25,7.42,7.42,7.5,10,10,10,7.08,0.12,0,0,4
0946,81.42,2012-09-27,7.42,7.33,7.25,7.17,7.25,7.42,10,10,10,7.58,0.13,1,0,8
0947,81.42,2012-06-06,7.42,7.42,7.25,7.25,7.5,7.33,10,10,10,7.25,0.13,0,0,1
0948,81.42,2011-11-11,7.5,7.42,7.25,7.17,7.17,7.75,10,10,10,7.17,0.11,0,0,0
0949,81.42,,7.75,7.33,7.42,7,7.33,7.25,10,10,10,7.33,0.16,0,0,2
0950,81.42,2010-05-24,7.83,7,7,7.58,7.58,7.5,10,10,10,6.92,0.01,0,0,10
0951,81.33,2016-11-08,7.5,7.33,7.33,7.17,7.33,7.42,10,10,10,7.25,0,0,0,0
0952,81.33,2016-06-09,7.5,7.5,7,7.17,7.5,7.33,10,10,10,7.33,0.11,0,2,3
0953,81.33,2016-02-25,7.67,7.42,7,7.42,7.58,7.08,10,10,10,7.17,0.12,0,2,0
0954,81.33,2015-11-20,7.25,7.33,7.33,7.33,7.33,7.42,10,10,10,7.33,0.11,0,0,14
0955,81.33,,7.58,7.42,7.17,7.42,7.17,7.17,10,10,10,7.42,0.09,0,0,4
0956,81.33,2014-12-16,7.17,7.33,7.42,7.25,7.42,7.33,10,10,10,7.42,0.12,0,0,6
0957,81.33,2014-11-13,7.08,7.33,7.42,7.33,7.33,7.5,10,10,10,7.33,0.14,0,0,3
0958,81.33,2014-11-04,7.75,7.33,7.08,7.33,7.33,7.25,10,10,10,7.25,0.13,0,0,1
0959,81.33,,7.33,7.33,7.17,7.33,7.5,7.33,10,10,10,7.33,0.12,0,0,3
0960,81.33,2012-08-30,7.58,7.42,7.25,7.33,7.25,7.25,10,10,10,7.25,0.13,4,0,13
0961,81.33,2012-07-11,7.33,7.25,7.17,7.42,7.58,7.33,10,10,10,7.25,0.12,0,0,4
0962,81.33,2017-11-15,7.5,7.58,7.5,7.5,7.75,7.83,9.33,9.33,9.33,7.58,0.11,0,0,0
0963,81.25,2016-05-18,7.83,7.75,7.67,7.83,7.83,7.75,9.33,10,10,5.25,0.12,0,0,0
0964,81.25,2015-10-08,7.17,7.42,7.17,7.08,6.92,8.17,10,10,10,7.33,0,0,0,1
0965,81.25,2015-07-06,7.08,7.5,7.33,7.17,7.42,7.25,10,10,10,7.5,0.1,0,0,4
0966,81.25,2015-05-12,7.42,7.17,7.17,7.5,7.33,7.25,10,10,10,7.42,0.12,0,0,1
0967,81.25,2015-03-21,7.33,7.42,7.17,7.25,7.42,7.33,10,10,10,7.33,0.09,0,0,2
0968,81.25,2014-12-17,7.33,7.17,7.17,7.5,7.25,7.42,10,10,10,7.42,0.13,0,0,5
0969,81.25,2013-12-26,7.5,7.5,7.25,7.25,7.25,7.25,10,10,10,7.25,0.11,0,0,0
0970,81.25,2013-03-04,7.5,7.33,7.5,7.58,7,7.25,10,10,10,7.08,0.11,0,0,4
0971,81.25,2012-07-26,7.42,7.42,7.33,7.33,7.5,7.42,9.33,10,10,7.5,0.12,0,0,1
0972,81.17,2017-03-08,7.33,7.5,7.17,7.17,7.58,7.17,10,10,10,7.25,0.09,0,0,7
0973,81.17,2015-11-16,7.67,7.17,7.17,7.33,7.5,7.17,10,10,10,7.17,0.12,0,0,2
0974,81.17,2015-06-25,7.75,7.58,7.08,7.25,7.08,7.25,10,10,10,7.17,0.12,0,0,10
0975,81.17,,7.5,7.5,7.33,7.17,7.08,7.17,10,10,10,7.42,0.11,0,0,0
0976,81.17,2015-03-11,7.42,7.33,7,7.42,7.33,7.33,10,10,10,7.33,0.13,0,0,1
0977,81.17,2015-02-15,6.83,7.42,7.42,7.17,7.5,7.42,10,10,10,7.42,0.12,0,0,0
0978,81.17,2015-01-08,7.25,7.25,7.25,7.08,7.58,7.5,10,10,10,7.25,0,0,0,4
0979,81.17,2014-12-17,7.58,7.17,7.17,7.33,7.33,7.25,10,10,10,7.33,0.12,0,0,2
0980,81.17,2014-11-04,7.58,7.25,7.33,7.08,7.33,7.33,10,10,10,7.25,0.12,0,0,12
0981,81.17,2014-05-09,7.33,7.08,7.33,7.25,7.33,7.58,10,10,10,7.25,0.11,0,0,3
0982,81.17,2014-02-04,7.42,7.42,7.17,7.42,7.33,7.25,10,10,10,7.17,0.11,0,0,3
0983,81.17,2012-08-30,7.42,7.25,7.08,7.75,7.42,7.17,10,10,10,7.08,0.13,3,0,7
0984,81.17,2012-08-20,7.42,7.25,7.33,7.25,7.25,7.42,10,10,10,7.25,0.12,0,0,4
0985,81.17,,7.42,7.33,7.25,7.42,7.5,7.17,10,10,10,7.08,0.12,0,0,1
0986,81.17,,7.25,7.75,7.67,7.67,7.42,7.67,8.67,9.33,10,7.75,0.04,3,0,0
0987,81.08,2017-07-14,7.42,7.33,7.17,7.33,7.42,7.17,10,10,10,7.25,0.11,0,0,1
0988,81.08,2017-06-21,7.58,7.42,7.5,7.25,7.75,7.58,9.33,10,9.33,7.33,0.11,5,0,8
0989,81.08,2015-03-28,7.33,7.33,7.33,7.42,7.33,7.33,10,10,10,7,0.11,0,0,1
0990,81.08,2015-03-04,7.42,7.17,7.33,7.42,7.25,7.33,10,10,10,7.17,0,0,0,0
0991,81.08,,7.42,7.33,7.33,7.25,7.25,7.33,10,10,10,7.17,0.13,0,0,2
0992,81.08,2014-12-18,7.42,7.25,7.17,7.25,7.25,7.58,10,10,10,7.17,0.13,0,0,0
0993,81.08,2014-05-28,7.67,7.75,7.67,7.58,7.58,7.67,6.67,10,10,8.5,0,0,0,0
0994,81.08,2012-09-14,7.25,7.42,7.33,7.33,7.17,7.33,10,10,10,7.25,0.13,5,0,16
0995,81.08,2012-09-04,7.33,7.25,7.33,7.42,7.25,7.42,10,10,10,7.08,0.12,0,0,2
0996,81.08,2012-08-30,7.33,7.33,7.25,7.42,7.25,7.25,10,10,10,7.25,0.11,0,0,5
0997,81.08,,7.42,7.33,7.25,7.42,7.17,7.25,10,10,10,7.25,0.1,0,0,1
0998,81.08,2012-02-13,7.42,7.42,7.25,7.58,6.92,7.17,10,10,10,7.33,0.06,0,0,0
0999,81,2018-01-16,7.25,7.25,7.17,7.5,7.33,7.17,10,10,10,7.33,0.11,0,6,9
1000,81,2017-08-28,7.42,7.08,7.08,7.33,7.25,7.58,10,10,10,7.25,0,0,2,6
1001,81,2016-09-09,7.33,7.17,7.17,7.67,7.33,7.17,10,10,10,7.17,0.11,0,2,3
1002,81,,7.42,7.25,7.17,7.5,7.25,7.17,10,10,10,7.25,0.09,0,0,8
1003,81,,7.67,7.5,7.42,5.25,7.67,7.75,10,10,10,7.75,0,0,4,4
1004,81,,7.5,7.25,7,7.25,7.5,7.25,10,10,10,7.25,0.11,0,0,1
1005,81,2015-05-06,7.25,7.17,7.17,7.25,7.5,7.33,10,10,10,7.33,0.12,0,0,0
1006,81,2015-01-26,7.42,7.25,7.25,7.33,7.25,7.17,10,10,10,7.33,0.12,0,0,1
1007,81,2015-01-15,7.67,7.75,7.83,7.75,7.83,7.75,10,6.67,10,7.75,0.12,0,0,0
1008,81,2014-12-15,7.33,7.33,7.08,7.42,7.17,7.33,10,10,10,7.33,0.12,0,0,5
1009,81,2014-06-30,7.33,6.92,7.17,7.33,7.42,7.42,10,10,10,7.42,0.12,0,0,3
1010,81,2013-12-26,7.5,6.92,7.33,7.33,7.33,7.33,10,10,10,7.25,0.11,0,0,0
1011,81,2013-05-29,7.33,7.42,7.25,7.42,7.25,7.17,10,10,10,7.17,0,0,0,3
1012,81,2012-09-11,7.08,7.33,7.33,7.33,7.42,7.25,10,10,10,7.25,0.12,0,0,12
1013,81,,7.58,7.67,7.5,7.67,7.58,7.5,8,10,10,7.5,0,0,0,8
1014,80.92,2017-12-08,7.33,7.17,7.25,7.33,7.33,7.25,10,10,10,7.25,0,0,0,0
1015,80.92,,7.67,7.67,7.33,7.58,7.67,7.5,9.33,9.33,9.33,7.5,0.1,0,0,2
1016,80.92,2017-07-07,7.17,7.58,7.5,7.5,8,7.75,10,10,10,5.42,0.11,0,0,3
1017,80.92,2017-05-12,7.5,7.33,7.17,7.42,7.5,7.33,9.33,10,10,7.33,0.11,0,0,11
1018,80.92,2015-07-17,7.17,7.42,7,7.58,7.33,7,10,10,10,7.42,0,0,0,5
1019,80.92,2015-01-13,7.42,7.08,7.17,7.17,7.58,7.25,10,10,10,7.25,0.1,2,0,5
1020,80.92,2014-12-18,7.33,7.17,7.17,7.25,7.42,7.33,10,10,10,7.25,0.12,0,0,0
1021,80.92,2014-12-16,7.25,7.33,7.25,7.25,7.25,7.33,10,10,10,7.25,0.12,0,0,8
1022,80.92,,7.92,7.67,7.33,7.08,7.08,7.08,10,10,10,6.75,0.09,0,0,0
1023,80.92,2014-10-16,7.17,7.42,7.17,7.25,7.25,7.33,10,10,10,7.33,0.1,0,0,0
1024,80.92,2014-07-16,7.33,7.08,7.25,7,7.5,7.42,10,10,10,7.33,0.1,1,0,3
1025,80.92,2014-06-10,7.58,7.42,6.92,7.5,7.25,7.17,10,10,10,7.08,0.12,2,0,5
1026,80.92,2013-12-26,7.42,7.25,7.25,7.25,7.25,7.25,10,10,10,7.25,0.11,0,0,0
1027,80.92,2013-12-26,7.25,7.17,7.08,7.08,7.08,8.08,10,10,10,7.17,0.11,0,0,0
1028,80.92,2013-12-26,7.42,7.25,7.25,7.25,7.25,7.25,10,10,10,7.25,0.11,0,0,0
1029,80.92,2012-07-11,7.58,7.33,7.08,7.5,7.17,7.25,10,10,10,7,0.13,0,0,12
1030,80.92,2010-04-13,7.67,7.58,7.33,7.33,7.17,7,10,10,10,6.83,0,0,0,0
1031,80.83,,7.42,7.33,7.17,7.17,7.17,7.25,10,10,10,7.33,0,0,0,0
1032,80.83,2014-05-26,7.67,7.25,7.08,7.33,7.17,7.25,10,10,10,7.08,0.11,0,0,1
1033,80.83,2012-08-30,7.17,7.08,7.25,7.42,7.25,7.33,10,10,10,7.33,0.13,0,0,7
1034,80.83,2012-08-29,7.33,7.25,7.33,7.33,7.25,7.17,10,10,10,7.17,0.11,0,0,3
1035,80.83,,7.5,7.17,7.33,7.25,7.17,7.17,10,10,10,7.25,0.13,0,0,1
1036,80.83,,7.42,7.33,7,7.25,7.33,7.5,10,10,10,7,0.1,2,0,0
1037,80.83,2011-01-25,7.33,7.33,7,6.83,7.33,7.67,10,10,10,7.33,0.01,0,0,1
1038,80.75,2015-10-08,7.17,7.25,7.08,7.17,7.25,7.58,10,10,10,7.25,0,0,0,1
1039,80.75,2015-07-17,6.92,7.5,7,7.58,7.5,7.08,10,10,10,7.17,0,0,0,2
1040,80.75,2015-06-18,7.5,7.33,7,7.42,7.17,7.17,10,10,10,7.17,0.12,0,0,1
1041,80.75,2015-05-28,7.25,7.25,7.17,7.25,7.33,7.25,10,10,10,7.25,0.12,0,0,5
1042,80.75,2015-05-25,7.5,7.33,7,7.42,7.25,7.17,10,10,10,7.08,0.11,0,0,2
1043,80.75,,7.25,7.33,7.17,7.33,7.33,7.17,10,10,10,7.17,0.11,1,0,4
1044,80.75,,7.42,7.17,7.08,7.42,7.25,7.25,10,10,10,7.17,0.09,0,0,2
1045,80.75,2015-03-11,7.25,7.33,7.08,7.5,7.25,7.33,10,10,10,7,0.13,0,0,1
1046,80.75,2014-04-11,7.33,7.33,7.25,7.25,7.17,7.17,10,10,10,7.25,0.11,0,0,0
1047,80.75,2012-09-04,7.58,7.33,7.42,7.25,7.5,7.5,9.33,9.33,10,7.5,0.11,0,0,2
1048,80.75,,7.42,7,7.42,7.25,7.08,7.33,10,10,10,7.25,0.12,0,0,0
1049,80.75,2011-12-21,7.08,7.33,7.17,7.25,7.33,7.67,10,10,10,6.92,0.13,0,0,6
1050,80.67,2016-08-12,7.33,7.08,7.08,7.08,7.42,7.33,10,10,10,7.33,0,0,0,1
1051,80.67,2015-11-10,7.58,7.42,7,7.67,7.5,7.5,9.33,9.33,10,7.33,0.13,0,0,1
1052,80.67,,7.67,7.42,6.83,7.17,7.42,7.17,10,10,10,7,0.11,0,0,0
1053,80.67,2015-02-27,7.83,7.5,7.67,7.67,7.83,7.5,6.67,10,10,8,0.11,0,0,4
1054,80.67,2014-11-04,7.5,7.25,7.17,7.17,7.25,7.17,10,10,10,7.17,0.12,0,0,1
1055,80.67,,7.25,7.17,7.17,7.25,7.17,7.42,10,10,10,7.25,0.12,0,0,4
1056,80.67,2014-04-14,7.67,7.5,7.42,7.67,7.5,7.75,10,10,6.67,8.5,0,0,0,1
1057,80.67,2013-06-05,7.67,7.17,7,7.5,7,7,10,10,10,7.33,0.12,0,0,5
1058,80.67,2012-01-25,7,7.33,7.5,7.33,7,7.33,10,10,10,7.17,0.11,0,0,2
1059,80.67,2012-01-25,7,7.5,7.33,7.17,7.17,7.17,10,10,10,7.33,0.11,0,0,3
1060,80.67,2011-03-15,7.17,7.25,7.08,7.42,7.08,7.42,10,10,10,7.25,0.18,0,0,2
1061,80.58,2016-03-11,7.33,7.25,7.33,7.08,7.58,7.25,9.33,10,10,7.42,0.11,0,0,7
1062,80.58,2016-02-26,7.08,7.5,7,7.25,7.42,7,10,10,10,7.33,0.11,0,1,0
1063,80.58,2015-01-06,7.25,7.08,7.08,7.33,7.33,7.25,10,10,10,7.25,0.12,0,0,1
1064,80.58,2014-10-17,7.42,7.25,7.33,7,7.08,7.25,10,10,10,7.25,0,0,0,3
1065,80.58,2014-04-30,7.5,7.17,7,7.42,7.33,7,10,10,10,7.17,0.11,0,0,5
1066,80.58,2014-01-28,7.17,7.42,6.83,7.5,7.17,7.25,10,10,10,7.25,0.11,0,0,5
1067,80.58,2011-05-04,7.42,7.58,7.5,7.92,7.83,7.83,8.67,8.67,9.33,7.83,0,0,0,0
1068,80.58,2011-03-15,7.08,7.25,7,7.5,7.08,7.33,10,10,10,7.33,0,0,0,2
1069,80.5,2017-12-08,7.17,7.17,7.17,7.42,7.17,7.25,10,10,10,7.17,0,0,0,0
1070,80.5,2017-09-08,7.33,7.25,7.08,7.17,7.25,7.17,10,10,10,7.25,0.1,0,0,4
1071,80.5,,7.58,7.33,7,7.17,7.33,7.08,10,10,10,7,0.11,0,0,5
1072,80.5,2016-02-11,7.25,7.25,7.17,7.17,7.25,7.17,10,10,10,7.25,0.12,0,0,0
1073,80.5,2015-11-17,7.25,7.33,7.17,7.5,7.33,7.25,9.33,10,10,7.33,0.11,0,0,3
1074,80.5,2015-07-17,7.17,7.33,7.17,7.42,7.25,7.08,10,10,10,7.08,0,0,0,2
1075,80.5,,7.5,7.17,6.83,7.5,7.17,7.17,10,10,10,7.17,0.11,0,0,3
1076,80.5,2014-04-17,7.42,7.42,7.08,7.33,7.67,7.5,9.33,9.33,10,7.42,0.1,0,0,10
1077,80.5,2014-02-04,7.42,7.33,7.33,7.58,7.58,7.42,8.67,10,10,7.17,0.11,1,0,0
1078,80.5,2013-02-13,7.5,7.5,7,7.67,7.17,7,10,10,10,6.67,0.12,1,0,1
1079,80.5,2012-09-17,7.25,7.25,7.08,7.33,7.25,7.17,10,10,10,7.17,0.15,0,0,1
1080,80.42,,7.25,7.42,7,7.42,7.33,7,10,10,10,7,0.1,0,0,0
1081,80.42,,7.58,7.17,7.17,7.17,7.17,7.17,10,10,10,7,0.14,0,0,0
1082,80.42,2014-04-26,7.33,7.17,7.08,7.08,7.33,7.17,10,10,10,7.25,0,0,0,1
1083,80.42,2014-01-17,7.25,7.08,7.25,7.17,7.33,7.17,10,10,10,7.17,0.17,0,0,14
1084,80.42,2013-12-26,7.25,7.25,7.17,7.25,7.25,7.25,10,10,10,7,0.11,0,0,0
1085,80.42,2012-09-04,6.92,7.17,7.08,7.5,7.33,7.17,10,10,10,7.25,0.1,2,0,4
1086,80.42,2012-08-30,7.42,7.08,7.08,7.33,7.25,7.17,10,10,10,7.08,0.12,4,0,16
1087,80.33,,7.08,7.25,7.17,7.33,7.08,7.08,10,10,10,7.33,0.12,0,0,0
1088,80.33,2015-11-16,7.25,7.17,7,7.25,7.42,7.08,10,10,10,7.17,0.13,0,0,5
1089,80.33,2014-12-18,7.25,7.17,7.25,7.25,7.25,7.08,10,10,10,7.08,0.12,0,0,5
1090,80.33,2013-12-26,7.25,7.25,7.08,7.25,7.25,7.25,10,10,10,7,0.11,0,0,0
1091,80.33,2013-06-06,7.33,7.33,6.83,7.5,7,7.17,10,10,10,7.17,0.11,1,0,4
1092,80.33,2012-08-30,7.25,7.08,7.08,7.33,7.33,7.17,10,10,10,7.08,0.11,0,0,21
1093,80.33,2012-02-08,7.17,7.5,6.92,7.33,7.67,7.33,9.33,10,10,7.08,0.12,5,0,7
1094,80.33,2010-06-17,7.25,7.25,7.25,7.33,7.5,8,9.33,9.33,10,7.08,0.1,0,0,1
1095,80.25,,7.17,7.33,7.42,7.08,7,7,10,10,10,7.25,0.11,0,1,1
1096,80.25,2017-04-06,7.25,7.25,7,7,7.42,7,10,10,10,7.33,0.1,0,0,4
1097,80.25,2016-04-26,7.25,7.17,7,7.33,7.33,7,10,10,10,7.17,0.1,0,0,2
1098,80.25,2015-08-27,8,7.08,7,7.33,7.08,6.92,10,10,10,6.83,0.11,1,0,26
1099,80.25,2015-07-17,7.42,7,7.08,7,7.17,7.33,10,10,10,7.25,0,0,0,1
1100,80.25,2015-02-20,7.08,6.92,7,7.25,7.5,7.25,10,10,10,7.25,0.11,0,0,2
1101,80.25,,7.5,7.08,7.67,7.67,7.42,7.58,9.33,9.33,9.33,7.33,0.12,4,0,13
1102,80.25,2014-01-08,7.42,8,7.83,7.75,8.08,7.58,8.67,8.67,8.67,7.58,0.1,0,0,0
1103,80.25,2013-12-26,7.25,7.08,7.25,7.25,7.17,7.25,10,10,10,7,0.11,0,0,0
1104,80.25,2013-01-09,7,7.17,7.33,7.33,7,7.17,10,10,10,7.25,0.11,1,0,12
1105,80.25,2012-09-27,7.58,7.33,7.17,7.25,6.75,7,10,10,10,7.17,0.11,2,0,8
1106,80.17,2017-05-09,7.42,7.25,7.25,7.58,7.42,7.33,8.67,10,10,7.25,0,0,0,2
1107,80.17,2015-04-24,7.17,7.08,7.08,7.33,7.25,7.08,10,10,10,7.17,0.11,0,0,2
1108,80.17,2015-01-26,7.25,7.25,7,7.17,7.08,7.08,10,10,10,7.33,0.11,0,0,0
1109,80.17,2013-08-07,7.33,7.33,7,7.17,7.17,7.17,10,10,10,7,0.11,0,0,2
1110,80.17,2012-10-09,7.33,7.08,6.92,7.42,7.25,7.08,10,10,10,7.08,0.11,0,0,2
1111,80.17,2012-09-13,7.58,7.42,7.33,7.5,7.08,7.17,8.67,10,10,7.42,0.14,1,0,2
1112,80.17,2012-09-10,7.33,7.33,7.17,7.08,7.25,7,10,10,10,7,0.12,0,0,12
1113,80.17,2012-05-24,7.33,7.33,7,7.33,7,7,10,10,10,7.17,0.11,0,0,5
1114,80.17,,7.58,7.5,7.33,7.33,7.67,7.33,9.33,9.33,9.33,7.42,0.05,12,0,1
1115,80.08,2017-11-29,7.17,7.17,7,7.17,7.25,7.25,10,10,10,7.08,0.11,0,0,5
1116,80.08,,7.42,7.25,7.25,7.17,7,7,10,10,10,7,0.07,0,0,0
1117,80.08,2014-02-25,7.25,7.17,6.92,7.25,7.17,7.25,10,10,10,7.08,0.1,0,0,4
1118,80.08,2013-12-26,7.25,7.25,7.25,7.25,7.08,7,10,10,10,7,0.11,0,0,0
1119,80.08,2013-12-26,7.25,7.25,7.25,7,7.25,7.08,10,10,10,7,0.11,0,0,0
1120,80.08,2013-12-26,7.25,7.25,7.25,7.08,7.17,7.08,10,10,10,7,0.11,0,0,0
1121,80.08,2012-09-14,7.33,7.17,7.25,7.08,7.08,7.08,10,10,10,7.08,0.15,0,0,0
1122,80.08,2012-08-30,7.25,7.08,7,7.17,7.33,7.17,10,10,10,7.08,0.14,1,0,17
1123,80,2017-06-13,7.33,7.08,6.92,7.08,7.42,7.17,10,10,10,7,0.1,0,0,5
1124,80,2015-07-17,7.17,7.33,7,7.42,7.17,7,10,10,10,6.92,0,0,0,4
1125,80,2014-05-01,7.58,7.75,7.42,7.5,7.5,7.5,8.67,8.67,10,7.42,0,0,0,2
1126,80,2013-12-26,7.25,7.25,7.25,7,7.25,7,10,10,10,7,0.11,0,0,0
1127,80,2013-05-29,7.33,6.67,7.08,7.42,7.42,7.08,10,10,10,7,0,0,0,0
1128,80,2012-09-10,7.25,7.25,7.08,7.17,7.33,7.33,9.33,10,10,7.25,0.12,0,0,9
1129,80,2012-09-04,7.08,7.33,7,7.33,7.08,7,10,10,10,7.17,0.11,0,0,12
1130,80,2010-06-17,7.42,7.42,7.5,7.92,7.75,7.58,8.67,9.33,8.67,7.75,0.05,0,0,2
1131,79.92,,7.83,7.67,7.58,7.75,7.83,7.17,6.67,10,10,7.42,0,0,0,1
1132,79.92,2014-05-12,7.5,7,7,6.92,7.33,7.17,10,10,10,7,0.11,1,0,3
1133,79.92,2013-03-29,7.33,7.08,7.08,7.33,7.42,7.17,9.33,10,10,7.17,0.12,0,0,4
1134,79.92,2012-09-11,7.17,7.17,6.92,7.25,7.33,7.08,10,10,10,7,0.12,1,0,7
1135,79.92,2012-08-30,7.5,7.17,7,7.17,7.25,7.08,10,10,10,6.75,0,0,0,0
1136,79.92,2012-07-26,7.17,7.08,7.08,7.08,7.5,7.33,9.33,10,10,7.33,0.11,0,0,3
1137,79.92,2012-07-11,7.33,7.25,7,7.42,7.17,7.17,9.33,10,10,7.25,0.12,0,0,6
1138,79.92,2012-07-11,7.17,7.33,7.08,7.58,7.33,7.08,10,9.33,10,7,0.11,0,0,0
1139,79.92,,7.5,7.42,7.58,7.42,7.5,7.58,8.67,8.67,10,7.58,0.05,3,0,0
1140,79.83,2017-08-25,7,7.08,7,7.17,7.25,7.25,10,10,10,7.08,0.11,0,1,5
1141,79.83,,7.33,7.25,6.92,7.33,7.25,7.33,9.33,10,10,7.08,0.1,0,0,2
1142,79.83,2015-03-30,6.83,7.17,7.17,6.92,7.5,7.08,10,10,10,7.17,0.11,0,0,0
1143,79.83,2012-07-11,7.17,7.08,7,7.25,7.5,7,10,10,10,6.83,0.12,0,0,3
1144,79.83,2012-04-05,7.58,7.08,6.83,7.17,7.5,7.17,9.33,10,10,7.17,0.12,7,0,10
1145,79.75,,7.5,7.42,7.25,7.58,7.33,7.42,9.33,9.33,9.33,7.25,0.1,0,4,1
1146,79.75,2015-03-21,7.75,7.33,7.17,7.33,7.67,7.83,9.33,9.33,8.67,7.33,0,0,0,0
1147,79.75,2014-07-28,7.08,7.08,7.25,7,7.17,7.17,10,10,10,7,0.1,0,0,0
1148,79.75,2014-06-16,7.25,7.08,6.92,7.5,7.08,6.92,10,10,10,7,0.12,0,0,0
1149,79.75,,7,7.08,7,7.25,7.5,7.42,9.33,10,10,7.17,0.12,1,0,2
1150,79.75,,7.58,7.5,7.67,7.75,7.67,7.58,8,8,10,8,0.1,0,0,4
1151,79.75,2013-03-29,7.58,7.08,7,7,7.5,6.92,10,10,10,6.67,0.12,0,0,4
1152,79.75,2013-03-29,7.58,7.08,6.92,7.58,7.5,6.92,10,9.33,10,6.83,0.13,0,0,4
1153,79.75,2013-03-29,7.25,7.08,7,7.17,7.17,7.08,10,10,10,7,0.12,0,0,5
1154,79.75,2012-09-14,7.25,7.17,7.17,7.08,7.17,7,10,10,10,6.92,0.14,0,0,0
1155,79.75,2012-09-04,7.33,7.25,7,7.08,7.08,7,10,10,10,7,0.1,1,0,22
1156,79.75,,7.58,7.33,7.5,7.33,7,7.33,9.33,9.33,9.33,7.67,0,0,0,4
1157,79.75,2012-06-06,7.25,6.83,6.92,7.08,7.25,7.08,10,10,10,7.33,0.12,0,0,7
1158,79.67,,7.42,7.42,7.25,7.58,7.42,7.33,9.33,9.33,9.33,7.25,0.1,0,2,1
1159,79.67,,7.25,7.08,7,6.83,7.33,7.17,10,10,10,7,0,0,0,12
1160,79.67,2014-06-16,6.92,7.17,6.83,7.42,7.17,7.08,10,10,10,7.08,0.12,0,0,0
1161,79.67,2013-06-27,7.5,7,6.83,7.08,7.08,7.17,10,10,10,7,0.11,0,0,6
1162,79.67,2013-03-29,7.42,7.25,6.83,7.58,7.17,6.58,10,10,10,6.83,0.12,0,0,6
1163,79.67,2012-09-27,7.33,7.17,7,6.75,7.08,7,10,10,10,7.33,0.13,5,0,6
1164,79.67,2012-06-04,6.92,7.17,7.17,7.17,7.08,7.08,10,10,10,7.08,0,0,0,9
1165,79.67,2010-04-09,7.17,7.17,7,7,7.25,6.92,10,10,10,7.17,0,1,0,0
1166,79.58,2012-09-17,7.08,7,6.92,7.33,7.25,7.08,10,10,10,6.92,0.12,0,0,11
1167,79.58,2012-08-30,7.25,6.92,6.92,7.33,7.25,7,10,10,10,6.92,0.13,0,0,5
1168,79.58,2011-02-09,7.25,7.17,7,6.75,7.17,7.33,10,10,10,6.92,0.1,0,0,4
1169,79.58,2011-01-13,7.08,7,6.83,7.33,7.25,7,10,10,10,7.08,0.17,1,0,19
1170,79.5,2015-07-06,6.92,6.92,7,7.42,7.25,7,10,10,10,7,0.12,0,0,6
1171,79.5,,6.92,7,7.17,7,7.42,7,10,10,10,7,0,0,0,1
1172,79.5,2013-06-21,7.83,7.5,7.42,7.42,7.67,7.5,10,6.67,10,7.5,0,0,0,2
1173,79.5,2012-08-01,7.25,7.08,6.92,7.25,7.58,7.08,9.33,10,10,7,0.12,1,0,20
1174,79.5,2012-07-11,7.25,7.33,7,7.25,7.17,7.17,9.33,10,10,7,0.12,0,0,5
1175,79.42,2014-05-13,7.08,7.33,7.25,7.58,7.33,7.42,9.33,9.33,9.33,7.42,0.1,0,0,2
1176,79.42,2014-03-31,7.25,7.33,6.83,7,7,7.17,10,10,10,6.83,0.1,1,0,4
1177,79.42,2012-09-11,7,6.83,6.83,7.42,7.33,7.17,10,10,10,6.83,0.13,0,0,30
1178,79.33,2017-06-06,7.42,7.25,6.83,7,7.33,7.08,9.33,10,10,7.08,0.13,1,0,2
1179,79.33,2014-01-08,7.42,7.25,6.75,7.25,7.42,7.25,9.33,9.33,10,7.33,0,0,0,3
1180,79.33,2012-09-17,7,7,6.83,7.33,7.42,6.92,10,10,10,6.83,0.14,0,0,23
1181,79.33,2012-09-10,7.42,7.17,7.08,7.17,7.08,7.08,9.33,10,10,7,0.14,0,0,19
1182,79.33,2012-01-13,7.17,6.5,6.33,7.25,7.58,7.33,10,10,10,7.17,0.11,0,0,6
1183,79.25,2014-11-07,7.08,6.83,6.83,7.25,7.42,7.08,10,10,10,6.75,0.11,0,0,0
1184,79.25,2012-09-10,7,7,6.92,7.17,7.17,7.08,10,10,10,6.92,0.13,0,0,10
1185,79.17,,7.33,7.42,7.33,7.42,7.5,7.42,8.67,9.33,9.33,7.42,0.1,0,0,0
1186,79.17,2017-07-27,7.58,7,6.75,6.92,7,6.92,10,10,10,7,0.11,0,0,5
1187,79.17,,7.08,7,6.92,7.42,7,6.92,10,10,10,6.83,0.11,0,8,6
1188,79.17,2015-06-30,7.25,7.17,6.75,7.25,7,6.92,10,10,10,6.83,0.11,0,0,6
1189,79.17,2013-12-10,7.17,7.42,7.5,8,7.25,7.83,10,10,6.67,7.33,0.1,5,0,20
1190,79.17,2012-09-13,7.25,7.08,6.92,7.08,7.17,7.17,9.33,10,10,7.17,0.14,0,0,8
1191,79.17,2012-08-30,7.17,6.92,6.92,7.08,7.17,7,10,10,10,6.92,0.14,0,0,34
1192,79.17,2010-04-09,6.75,6.75,6.83,7.25,7.58,7.08,10,10,10,6.92,0.01,0,0,8
1193,79.08,,7.58,7.67,7.42,7.42,7.67,7.67,8.67,8.67,8.67,7.67,0.1,0,0,1
1194,79.08,2014-06-09,7.42,7.08,6.75,7.33,7.33,6.92,10,9.33,10,6.92,0.13,0,0,0
1195,79.08,2012-09-13,7.33,7,6.92,7.25,7.33,7.08,9.33,10,10,6.83,0.16,0,0,2
1196,79.08,2012-09-12,7.25,7.08,6.75,7.33,7.42,7,9.33,10,10,6.92,0.11,0,0,45
1197,79.08,,7.17,7.25,7.25,7.17,7.25,7.08,9.33,9.33,10,7.25,0.1,0,0,0
1198,79.08,2011-03-01,6.75,6.75,6.42,6.83,7.58,7.5,10,10,10,7.25,0.1,0,0,3
1199,79,2014-09-11,7.33,7.17,6.58,7.42,7.08,6.83,10,10,10,6.58,0.12,0,0,3
1200,79,2014-04-26,7,7,7,7,7,7,10,10,10,7,0.11,0,0,12
1201,79,2013-01-08,7.67,7.17,7.08,7.25,8,7.5,8.67,9.33,9.33,7,0,0,0,4
1202,79,2012-09-17,6.75,7.08,6.67,7.25,7.17,7.08,10,10,10,7,0.12,0,0,12
1203,79,2012-09-12,7.5,7.17,6.92,7.5,7.25,7,8.67,10,10,7,0.14,3,0,17
1204,79,2012-08-30,7.17,6.83,6.83,7.25,7.17,6.92,10,10,10,6.83,0.14,7,0,38
1205,78.92,2013-03-12,7.33,7,6.75,7.08,7.17,7.25,9.33,10,10,7,0.12,0,0,8
1206,78.92,2012-09-17,7.5,7,6.92,7.08,6.92,6.75,10,10,10,6.75,0.16,0,0,0
1207,78.83,,7.17,7,6.92,7,7,7,10,10,10,6.75,0.1,0,2,4
1208,78.75,2014-01-17,7.5,6.92,6.92,7.25,7.58,7.42,9.33,9.33,9.33,7.17,0.12,5,0,8
1209,78.75,2013-07-05,7.33,7.08,6.33,7.25,7,7,10,10,10,6.75,0.12,1,0,8
1210,78.75,2012-08-01,7.25,6.83,6.83,7,7.17,7,10,10,10,6.67,0.14,0,0,0
1211,78.75,2012-07-16,7.25,7.33,7.17,7.25,7.08,7,8.67,10,10,7,0.14,0,0,0
1212,78.75,2012-06-06,7.67,7.17,6.83,7.33,7.58,7.17,9.33,10,8.67,7,0.12,0,0,0
1213,78.67,2014-04-26,7,6.92,6.83,7.17,7.17,7.17,10,10,9.33,7.08,0,0,0,5
1214,78.67,2012-09-17,6.92,6.92,6.67,7.25,7.17,6.92,10,10,10,6.83,0.13,0,0,2
1215,78.58,2016-02-17,7.08,7,6.75,6.83,7.08,6.92,10,10,10,6.92,0.1,1,5,7
1216,78.58,2015-03-28,6.83,7.08,6.92,6.75,7.25,7.08,10,10,10,6.67,0.11,1,0,1
1217,78.58,2014-09-04,7.33,7.17,6.92,7.58,7.25,7.17,8.67,9.33,10,7.17,0.12,0,0,3
1218,78.58,,6.83,6.75,7.17,7.25,7,6.92,10,10,10,6.67,0.1,0,0,0
1219,78.58,2012-07-26,7,7,6.75,7.33,6.92,6.92,10,10,10,6.67,0.13,0,0,1
1220,78.58,,7.92,7.58,7.58,7.92,7.92,7.5,8,6.67,10,7.5,0.1,0,0,1
1221,78.58,2011-06-21,7.92,6.83,7.08,7.42,6.75,7.33,8.67,9.33,10,7.25,0,0,0,0
1222,78.5,2014-04-26,7.25,6.75,6.92,6.92,7.25,7.58,9.33,9.33,10,7.17,0,0,0,0
1223,78.5,2012-09-14,7.08,6.83,6.83,7,7,6.92,10,10,10,6.83,0.12,0,0,14
1224,78.5,2012-07-26,7.25,7.17,7,6.83,7.58,7.08,8.67,10,10,6.92,0.13,1,0,3
1225,78.42,2014-12-16,6.83,7,6.92,7.08,6.92,6.83,10,10,10,6.83,0.12,3,0,4
1226,78.42,2012-09-14,7.58,7.17,7,7.17,7.33,7,8,10,10,7.17,0.14,0,0,0
1227,78.33,2014-03-19,7.5,7.75,7.58,7.83,7.92,7.92,7.33,8,8.67,7.83,0.1,0,0,0
1228,78.33,2014-02-27,7.17,6.5,6.67,7,7.17,7.17,10,10,10,6.67,0.1,0,0,2
1229,78.33,2013-02-07,7.17,7.17,6.5,7.17,7,6.83,10,10,10,6.5,0.11,1,0,4
1230,78.33,2012-09-11,7.25,7.25,7,7.5,7.33,7.42,8,9.33,10,7.75,0.13,31,0,47
1231,78.33,2012-01-13,7.17,6.08,6.17,7.25,7.33,7.33,10,10,10,7,0.11,0,0,9
1232,78.25,2015-01-20,7.5,7.5,7.33,7.58,7.5,7.42,8.67,8.67,8.67,7.42,0.11,2,0,8
1233,78.25,2012-05-24,7.42,7.33,7.33,7.5,7.67,7.75,8,8.67,9.33,7.25,0.11,4,0,31
1234,78.17,2017-07-18,6.92,6.83,6.92,6.92,6.92,6.83,10,10,10,6.83,0.13,0,0,1
1235,78.08,2012-07-11,7.08,6.83,6.67,7.25,7.25,6.92,10,9.33,10,6.75,0.11,0,0,3
1236,78,2017-06-06,7.5,7.08,7.33,7.17,7.5,7.5,6.67,10,10,7.25,0,3,0,4
1237,78,2014-05-15,6.83,7,6.67,7,7,6.83,10,10,10,6.67,0.11,2,0,6
1238,78,2014-03-18,7.58,7.33,7.5,7.42,7.5,7.33,8,8.67,9.33,7.33,0.12,2,0,3
1239,78,2014-02-07,7.42,7.25,6.83,7.33,7,6.92,9.33,9.33,9.33,7.25,0.1,1,0,2
1240,78,2013-09-05,7.33,7.17,6.92,7.08,7.33,7,9.33,9.33,9.33,7.17,0.1,0,0,28
1241,78,2013-04-29,7,6.83,6.83,7.17,6.67,6.83,10,10,10,6.67,0.11,3,0,9
1242,78,2012-09-11,7.25,7.33,7,7,7.25,7.08,10,10,8,7.08,0.12,2,0,7
1243,78,2011-12-01,7.42,7.17,7,7.17,7.67,7.17,8.67,9.33,9.33,7.08,0.1,1,0,3
1244,77.92,,7.5,7.25,7.42,7,7.08,6.83,8.67,9.33,10,6.83,0.12,2,0,4
1245,77.92,2012-07-26,7.42,7.25,7,7,7.25,7.08,8,10,10,6.92,0.11,0,0,3
1246,77.92,2012-01-13,7.17,6.17,6.17,7.08,7.33,6.83,10,10,10,7.17,0.11,0,0,7
1247,77.83,2016-02-29,7.42,7,7,7.17,7.08,7,9.33,8.67,10,7.17,0.1,0,0,0
1248,77.83,2014-08-25,7,6.75,6.67,6.83,7.08,6.83,10,10,10,6.67,0.11,0,0,2
1249,77.83,2013-02-07,7,6.83,6.67,7.17,6.83,6.83,10,10,10,6.5,0.11,0,0,2
1250,77.67,2013-05-29,7.17,6.75,6.58,7.33,7.33,7.17,9.33,9.33,10,6.67,0.11,0,0,0
1251,77.58,,7.58,7.67,7.58,7.67,7.42,7.42,9.33,9.33,6,7.58,0.12,1,0,5
1252,77.5,2012-09-17,7.17,6.75,6.58,6.75,6.83,6.75,10,10,10,6.67,0.13,0,0,3
1253,77.42,2013-01-29,7.08,6.92,6.33,7,6.92,7,10,10,10,6.17,0.11,2,0,15
1254,77.33,2017-10-20,7.5,7.33,7.42,7.58,7.58,6.92,8,8,10,7,0,0,0,3
1255,77.33,2014-04-08,7.33,7,6.83,7.17,7.17,7.17,9.33,9.33,9.33,6.67,0.1,1,0,2
1256,77.33,2012-09-13,7.33,7,6.67,7,6.92,6.92,9.33,9.33,10,6.83,0.15,4,0,5
1257,77.25,2014-05-05,6.83,6.83,6.83,6.75,6.92,6.92,9.33,10,10,6.83,0.1,0,0,1
1258,77.25,2014-01-27,7.08,6.92,6.83,6.67,7.58,7.42,8.67,9.33,10,6.75,0.12,1,0,5
1259,77.17,2012-09-11,7.08,7,7,7.25,7.33,7.25,8.67,8.67,10,6.92,0.12,1,0,11
1260,77,2015-06-16,7.42,7.75,7.42,7.67,7.92,7.83,8.67,5.33,9.33,7.67,0,7,0,9
1261,76.83,2017-01-16,7.67,7.33,7.17,6.67,7.17,7.42,9.33,10,6.67,7.42,0,0,7,0
1262,76.75,2010-04-09,6.67,6.33,6.42,6.83,7,6.92,10,10,10,6.58,0,0,0,0
1263,76.5,,6.42,6.5,6.5,7.33,6.33,6.92,10,10,10,6.5,0.12,0,0,4
1264,76.42,2012-07-26,7.17,6.58,6.58,7,7.25,6.58,9.33,9.33,10,6.58,0.13,0,0,14
1265,76.33,2012-04-30,7.5,7,6.83,7.5,7.17,7.33,8.67,8.67,8.67,7,0.11,0,0,8
1266,76.33,,6.17,6.5,6.5,7.17,7,6.83,10,10,10,6.17,0.11,0,0,5
1267,76.25,2014-03-18,7.25,7.08,6.83,7.17,7.33,6.83,8.67,8.67,9.33,7.08,0,0,0,0
1268,76.17,2014-01-20,7.5,7.33,7.33,7.58,7.67,7.25,8,8,8,7.5,0,0,0,3
1269,76.17,2012-09-17,7.42,7,6.83,7.08,6.92,6.83,7.33,10,10,6.75,0.16,2,0,4
1270,76.17,2012-01-18,7.33,7,6.5,6.08,7.58,6.33,9.33,10,9.33,6.67,0.12,4,0,26
1271,76.08,2012-09-10,7.08,6.83,6.83,7.17,7.17,7.08,10,7.33,10,6.58,0.12,0,0,12
1272,76,2014-05-15,6.83,6.83,6.67,6.83,7,6.83,9.33,8.67,10,7,0.11,0,0,7
1273,75.83,2013-05-14,6.83,6.5,6.5,6.92,6.75,7,9.33,10,9.33,6.67,0.12,0,0,2
1274,75.67,2017-10-27,7.17,7,6.83,7.5,7.17,7,8,8,10,7,0.11,0,1,6
1275,75.58,2012-07-09,7.92,7.58,7.17,7.58,7.33,7.17,8,8,8,6.83,0.11,0,0,15
1276,75.58,2012-01-06,6.67,6.5,6.33,7,7.17,6.75,8.67,10,10,6.5,0.12,0,0,10
1277,75.5,2012-09-12,7.5,7.25,6.92,7,7.17,6.83,8,8,10,6.83,0.11,4,0,20
1278,75.17,2012-09-12,7.17,6.92,6.67,6.83,7.25,7.75,10,6,10,6.58,0.11,0,0,20
1279,75.17,2012-06-06,7.25,6.83,6.67,7.08,7.17,6.83,10,6.67,10,6.67,0.12,0,0,8
1280,75.17,2012-03-05,7.17,7.17,6.83,7.17,7.42,6.67,8.67,7.33,10,6.75,0.13,23,0,29
1281,75,2012-07-11,7,6.92,6.75,6.92,7.17,6.83,10,6.67,10,6.75,0.14,15,0,7
1282,74.92,2012-09-13,7.08,6.75,6.58,7,7,6.75,8.67,8.67,10,6.42,0.17,0,0,6
1283,74.83,2012-08-01,7.33,6.75,6.67,7.25,7.5,7,10,5.33,10,7,0.12,0,0,30
1284,74.75,2012-01-09,6.75,6.5,6.17,7,7.25,6.75,8,10,10,6.33,0.11,0,0,8
1285,74.75,2012-01-05,6.75,6.67,6.17,7.17,7,6.58,8,10,10,6.42,0.11,0,0,10
1286,74.67,2013-03-29,7.08,7,6.83,7.5,7.33,6.83,8,7.33,10,6.75,0.12,0,0,7
1287,74.42,2014-03-13,7.5,7.25,7,7.25,7.42,7.33,8,8.67,6.67,7.33,0,1,0,2
1288,74.33,2013-06-06,6.5,6.33,6.5,7.5,7.33,6.83,8.67,10,8.67,6,0.11,1,0,1
1289,74.33,2012-09-10,7,6.58,6.67,6.83,7.08,6.83,10,6.67,10,6.67,0.14,3,0,11
1290,74,2012-09-17,6.92,6.42,6.17,7.33,7.25,6.75,10,6.67,10,6.5,0.13,0,0,27
1291,73.83,2012-08-01,7.67,7,7.17,7.58,7.33,7.33,10,2.67,10,7.08,0.12,0,0,19
1292,73.67,2012-04-06,7.17,7.17,7.17,7.58,7.67,6.92,9.33,6.67,6.67,7.33,0,9,0,17
1293,73.5,2015-12-28,7.25,6.58,6.58,7,7,6.42,8,8,10,6.67,0.11,0,1,0
1294,73.42,2014-04-26,7,7.17,6.83,7.17,7,7.17,8,8,8,7.08,0.11,1,0,16
1295,72.92,2014-05-08,7.08,7.08,6.92,7.08,6.92,6.92,8,8,8,6.92,0,1,0,1
1296,72.83,,8,7.33,7.75,7.33,7.42,7.67,6.67,6.67,6.67,7.33,0,0,0,15
1297,72.58,2014-03-10,6.92,6.92,6.92,7.5,7.58,7.17,6.67,6.67,9.33,6.92,0.11,5,0,9
1298,72.33,,6.92,6.75,7.08,7.17,7.33,6.67,10,5.33,8.67,6.42,0.08,1,0,0
1299,71.75,,6.33,6.5,6.33,6.83,6.33,6.5,10,6.67,10,6.25,0.11,0,0,7
1300,71.08,2012-09-10,6.92,6.92,6.92,6.92,7.17,7,10,2.67,10,6.58,0.12,4,0,24
1301,71,2012-07-11,6.5,6.67,6.42,7.17,7.33,6.5,8,6,10,6.42,0.11,0,0,0
1302,70.75,2014-05-05,6.92,7,6.83,6.92,7.42,6.92,6,6,10,6.75,0.12,0,0,1
1303,70.67,2017-10-27,7,7,6.83,7,7.33,6.83,6,6,10,6.67,0.11,0,1,55
1304,69.33,2014-05-15,6.67,6.5,6.17,6.67,6.83,6.17,8,8,8,6.33,0.1,0,0,4
1305,69.17,2014-05-15,7,6.17,6.17,6.67,6.5,6.17,8,8,8,6.5,0.1,0,0,3
1306,69.17,2014-05-15,7,6.33,6.17,6.5,6.67,6.17,8,8,8,6.33,0.1,0,0,4
1307,68.33,2012-09-17,7.08,6.83,6.25,7.42,7.25,6.75,10,0,10,6.75,0.11,0,0,20
1308,67.92,2012-05-24,6.75,6.58,6.42,6.67,7.08,6.67,9.33,6,6,6.42,0.14,8,0,16
1309,63.08,2017-06-06,7.25,6.58,6.33,6.25,6.42,6.08,6,6,6,6.17,0.13,1,0,5
1310,59.83,2012-05-24,7.5,6.67,6.67,7.67,7.33,6.67,8,1.33,1.33,6.67,0.1,0,0,4
1311,0,2017-04-28,0,0,0,0,0,0,0,0,0,0,0.12,0,0,2
1312,83.75,2014-06-26,7.83,8.08,7.75,7.92,8.25,7.92,10,10,8,8,0.12,0,0,2
1313,83.5,2017-10-31,8,7.75,7.92,8,7.92,7.92,10,10,8,8,0,0,0,2
1314,83.25,2015-04-30,7.92,7.83,7.92,8,7.83,7.92,10,10,7.83,8,0,0,0,0
1315,83,2014-07-14,8,7.92,7.92,7.75,7.83,7.75,10,10,7.75,8.08,0.12,0,0,7
1316,83,2014-06-26,8.33,7.83,7.83,7.75,8.25,7.75,10,10,7.58,7.67,0.12,0,0,3
1317,82.75,2012-02-29,8,7.92,7.67,8,7.75,7.92,10,10,7.75,7.75,0,0,0,0
1318,82.58,2014-05-15,7.67,7.75,7.83,7.83,7.92,7.75,10,10,8,7.83,0,0,0,0
1319,82.5,2017-10-25,7.67,7.75,7.83,7.67,7.92,7.83,10,10,7.92,7.92,0.1,0,0,0
1320,82.5,2016-08-17,7.67,7.75,7.58,7.83,7.83,8,10,10,7.92,7.92,0.09,0,0,0
1321,82.42,2014-08-05,7.67,7.83,7.83,7.83,7.92,7.75,10,10,7.75,7.83,0.12,0,0,6
1322,81.75,2014-06-26,7.58,7.92,7.75,7.83,7.5,7.67,10,10,7.67,7.83,0.12,0,0,1
1323,81.58,,7.67,7.83,7.75,7.5,7.75,7.58,10,10,7.75,7.75,0.11,0,0,0
1324,81.58,2014-05-19,7.58,7.58,7.67,7.58,7.67,7.67,10,10,7.5,8.33,0,0,0,1
1325,81.5,2014-07-14,8,7.75,7.75,7.58,7.67,7.5,10,10,7.58,7.67,0.11,0,0,7
1326,81.5,2014-07-14,8,7.67,7.75,7.5,7.67,7.58,10,10,7.58,7.75,0.12,0,0,2
1327,81.42,2015-04-30,7.75,7.75,7.67,7.67,7.58,7.58,10,10,7.58,7.83,0,0,0,0
1328,81.25,,7.5,7.5,7.25,7.83,7.67,7.83,10,10,7.83,7.83,0.13,0,0,0
1329,80.92,2014-06-27,7.33,7.58,7.5,7.75,7.75,7.67,10,10,7.75,7.58,0.12,0,0,1
1330,80.58,2014-06-27,7.83,7.58,7.33,7.67,7.5,7.5,10,10,7.75,7.42,0.12,0,0,2
1331,80.5,2014-06-27,7.75,7.42,7.33,7.58,7.67,7.58,10,10,7.67,7.5,0.12,0,0,1
1332,80.17,2014-05-19,7.67,7.67,7.5,7.33,7.58,7.5,10,10,7.42,7.5,0,0,0,1
1333,80.17,2013-06-20,7.58,7.42,7.42,7.83,7.42,7.5,10,10,7.42,7.58,0,0,0,0
1334,79.33,2012-02-29,7.92,7.5,7.42,7.42,7.42,7.42,9.33,10,7.58,7.33,0,0,0,0
1335,78.75,2016-01-19,7.75,7.58,7.33,7.58,5.08,7.83,10,10,7.75,7.83,0,0,0,1
1336,78.08,2016-01-19,7.5,7.67,7.75,7.75,5.17,5.25,10,10,8.42,8.58,0,0,0,0
1337,77.17,,7.33,7.33,7.17,7.42,7.5,7.17,9.33,9.33,7.42,7.17,0,0,0,6
1338,75.08,2014-08-25,7.42,6.83,6.75,7.17,7.25,7,9.33,9.33,7.08,6.92,0.1,20,0,1
1339,73.75,2014-08-25,6.75,6.67,6.5,6.83,6.92,6.83,9.33,9.33,6.67,7.92,0.12,63,0,9