result_id,cupping_id,farm_id,roaster_id
0001,0001,0001,0001
0002,0002,0001,0001
0003,0003,0002,0002
0004,0004,0003,0003
0005,0005,0001,0001
0006,0006,0004,0002
0007,0007,0005,0004
0008,0008,0006,0005
0009,0009,0006,0005
0010,0010,0007,0006
0011,0011,0008,0007
0012,0012,0009,0008
0013,0013,0010,0009
0014,0014,0011,0010
0015,0015,0006,0005
0016,0016,0012,0011
0017,0017,0013,0012
0018,0018,0014,0013
0019,0019,0015,0014
0020,0020,0016,0015
0021,0021,0017,0016
0022,0022,0018,0017
0023,0023,0019,0018
0024,0024,0020,0019
0025,0025,0004,0002
0026,0026,0021,0020
0027,0027,0014,0013
0028,0028,0022,0021
0029,0029,0023,0022
0030,0030,0024,0023
0031,0031,0025,0002
0032,0032,0026,0002
0033,0033,0027,0024
0034,0034,0028,0025
0035,0035,0029,0026
0036,0036,0030,0027
0037,0037,0031,0002
0038,0038,0032,0028
0039,0039,0033,0029
0040,0040,0034,0030
0041,0041,0035,0031
0042,0042,0036,0032
0043,0043,0036,0032
0044,0044,0037,0033
0045,0045,0038,0034
0046,0046,0021,0020
0047,0047,0039,0035
0048,0048,0040,0002
0049,0049,0041,0002
0050,0050,0042,0036
0051,0051,0043,0037
0052,0052,0044,0038
0053,0053,0045,0039
0054,0054,0046,0040
0055,0055,0047,0002
0056,0056,0048,0041
0057,0057,0049,0042
0058,0058,0050,0043
0059,0059,0051,0044
0060,0060,0052,0045
0061,0061,0053,0002
0062,0062,0054,0046
0063,0063,0055,0047
0064,0064,0056,0048
0065,0065,0031,0002
0066,0066,0057,0049
0067,0067,0058,0002
0068,0068,0059,0050
0069,0069,0060,0051
0070,0070,0061,0052
0071,0071,0059,0050
0072,0072,0062,0053
0073,0073,0031,0002
0074,0074,0063,0054
0075,0075,0064,0055
0076,0076,0065,0056
0077,0077,0066,0057
0078,0078,0018,0058
0079,0079,0018,0017
0080,0080,0067,0059
0081,0081,0068,0060
0082,0082,0069,0061
0083,0083,0014,0062
0084,0084,0045,0039
0085,0085,0070,0063
0086,0086,0071,0002
0087,0087,0072,0002
0088,0088,0073,0064
0089,0089,0052,0065
0090,0090,0074,0066
0091,0091,0075,0067
0092,0092,0076,0002
0093,0093,0074,0068
0094,0094,0077,0069
0095,0095,0014,0070
0096,0096,0032,0002
0097,0097,0078,0051
0098,0098,0079,0071
0099,0099,0080,0072
0100,0100,0081,0073
0101,0101,0082,0002
0102,0102,0083,0002
0103,0103,0084,0074
0104,0104,0085,0075
0105,0105,0032,0002
0106,0106,0086,0076
0107,0107,0079,0071
0108,0108,0079,0071
0109,0109,0087,0077
0110,0110,0088,0078
0111,0111,0079,0071
0112,0112,0089,0079
0113,0113,0090,0080
0114,0114,0091,0081
0115,0115,0092,0002
0116,0116,0093,0082
0117,0117,0094,0083
0118,0118,0031,0002
0119,0119,0043,0037
0120,0120,0095,0037
0121,0121,0096,0084
0122,0122,0097,0085
0123,0123,0098,0086
0124,0124,0099,0087
0125,0125,0100,0088
0126,0126,0101,0089
0127,0127,0102,0090
0128,0128,0103,0091
0129,0129,0104,0092
0130,0130,0105,0093
0131,0131,0106,0094
0132,0132,0107,0095
0133,0133,0108,0096
0134,0134,0109,0097
0135,0135,0110,0002
0136,0136,0111,0098
0137,0137,0071,0002
0138,0138,0112,0099
0139,0139,0113,0100
0140,0140,0050,0043
0141,0141,0114,0101
0142,0142,0115,0002
0143,0143,0116,0102
0144,0144,0043,0037
0145,0145,0038,0034
0146,0146,0079,0002
0147,0147,0079,0071
0148,0148,0117,0103
0149,0149,0118,0104
0150,0150,0119,0105
0151,0151,0071,0002
0152,0152,0079,0071
0153,0153,0120,0106
0154,0154,0047,0002
0155,0155,0121,0002
0156,0156,0070,0063
0157,0157,0027,0024
0158,0158,0122,0107
0159,0159,0123,0108
0160,0160,0124,0109
0161,0161,0125,0110
0162,0162,0106,0094
0163,0163,0126,0002
0164,0164,0127,0111
0165,0165,0128,0112
0166,0166,0129,0002
0167,0167,0130,0113
0168,0168,0131,0114
0169,0169,0132,0115
0170,0170,0133,0116
0171,0171,0134,0002
0172,0172,0135,0117
0173,0173,0136,0118
0174,0174,0074,0119
0175,0175,0079,0071
0176,0176,0137,0120
0177,0177,0031,0002
0178,0178,0138,0121
0179,0179,0069,0061
0180,0180,0139,0122
0181,0181,0140,0123
0182,0182,0141,0002
0183,0183,0023,0022
0184,0184,0079,0002
0185,0185,0074,0124
0186,0186,0047,0002
0187,0187,0142,0125
0188,0188,0143,0126
0189,0189,0144,0127
0190,0190,0116,0128
0191,0191,0145,0129
0192,0192,0146,0130
0193,0193,0096,0084
0194,0194,0074,0131
0195,0195,0147,0132
0196,0196,0148,0133
0197,0197,0149,0134
0198,0198,0079,0071
0199,0199,0079,0071
0200,0200,0126,0002
0201,0201,0074,0135
0202,0202,0150,0136
0203,0203,0151,0137
0204,0204,0119,0105
0205,0205,0047,0002
0206,0206,0031,0002
0207,0207,0152,0138
0208,0208,0153,0139
0209,0209,0154,0140
0210,0210,0155,0002
0211,0211,0156,0141
0212,0212,0079,0071
0213,0213,0157,0142
0214,0214,0158,0143
0215,0215,0159,0144
0216,0216,0160,0145
0217,0217,0079,0071
0218,0218,0161,0146
0219,0219,0162,0147
0220,0220,0163,0148
0221,0221,0164,0149
0222,0222,0165,0150
0223,0223,0166,0002
0224,0224,0167,0002
0225,0225,0168,0002
0226,0226,0169,0151
0227,0227,0170,0152
0228,0228,0055,0047
0229,0229,0047,0002
0230,0230,0171,0044
0231,0231,0172,0002
0232,0232,0173,0153
0233,0233,0074,0154
0234,0234,0174,0155
0235,0235,0045,0039
0236,0236,0079,0071
0237,0237,0175,0156
0238,0238,0031,0002
0239,0239,0176,0157
0240,0240,0177,0002
0241,0241,0178,0002
0242,0242,0179,0158
0243,0243,0140,0123
0244,0244,0180,0159
0245,0245,0166,0002
0246,0246,0119,0105
0247,0247,0119,0105
0248,0248,0166,0002
0249,0249,0071,0002
0250,0250,0079,0071
0251,0251,0181,0002
0252,0252,0182,0160
0253,0253,0047,0002
0254,0254,0068,0161
0255,0255,0183,0162
0256,0256,0184,0163
0257,0257,0155,0002
0258,0258,0185,0002
0259,0259,0186,0164
0260,0260,0187,0165
0261,0261,0188,0166
0262,0262,0189,0167
0263,0263,0024,0023
0264,0264,0074,0154
0265,0265,0190,0002
0266,0266,0191,0168
0267,0267,0126,0002
0268,0268,0126,0002
0269,0269,0079,0071
0270,0270,0192,0169
0271,0271,0071,0002
0272,0272,0193,0170
0273,0273,0194,0171
0274,0274,0195,0172
0275,0275,0074,0131
0276,0276,0079,0071
0277,0277,0163,0148
0278,0278,0147,0132
0279,0279,0196,0173
0280,0280,0197,0174
0281,0281,0198,0175
0282,0282,0199,0176
0283,0283,0197,0174
0284,0284,0109,0063
0285,0285,0119,0105
0286,0286,0182,0160
0287,0287,0200,0002
0288,0288,0047,0002
0289,0289,0201,0104
0290,0290,0202,0177
0291,0291,0154,0140
0292,0292,0203,0178
0293,0293,0204,0179
0294,0294,0185,0002
0295,0295,0033,0029
0296,0296,0205,0180
0297,0297,0186,0164
0298,0298,0074,0154
0299,0299,0206,0181
0300,0300,0079,0071
0301,0301,0207,0182
0302,0302,0074,0119
0303,0303,0208,0183
0304,0304,0209,0184
0305,0305,0079,0071
0306,0306,0166,0002
0307,0307,0047,0002
0308,0308,0047,0002
0309,0309,0031,0002
0310,0310,0210,0185
0311,0311,0211,0186
0312,0312,0212,0187
0313,0313,0213,0002
0314,0314,0077,0002
0315,0315,0186,0164
0316,0316,0205,0188
0317,0317,0023,0022
0318,0318,0214,0189
0319,0319,0189,0167
0320,0320,0024,0023
0321,0321,0215,0002
0322,0322,0216,0162
0323,0323,0217,0190
0324,0324,0218,0191
0325,0325,0070,0002
0326,0326,0079,0192
0327,0327,0170,0152
0328,0328,0128,0112
0329,0329,0047,0002
0330,0330,0219,0193
0331,0331,0113,0100
0332,0332,0220,0194
0333,0333,0221,0195
0334,0334,0147,0196
0335,0335,0077,0002
0336,0336,0186,0164
0337,0337,0222,0197
0338,0338,0079,0071
0339,0339,0223,0198
0340,0340,0079,0071
0341,0341,0224,0199
0342,0342,0225,0015
0343,0343,0226,0200
0344,0344,0071,0002
0345,0345,0071,0002
0346,0346,0071,0002
0347,0347,0227,0201
0348,0348,0228,0071
0349,0349,0229,0202
0350,0350,0074,0203
0351,0351,0230,0204
0352,0352,0074,0205
0353,0353,0231,0206
0354,0354,0215,0148
0355,0355,0074,0207
0356,0356,0232,0039
0357,0357,0079,0071
0358,0358,0233,0208
0359,0359,0234,0209
0360,0360,0235,0210
0361,0361,0126,0002
0362,0362,0047,0002
0363,0363,0018,0211
0364,0364,0071,0002
0365,0365,0236,0212
0366,0366,0047,0002
0367,0367,0047,0002
0368,0368,0237,0139
0369,0369,0238,0213
0370,0370,0239,0214
0371,0371,0240,0215
0372,0372,0228,0071
0373,0373,0241,0216
0374,0374,0077,0002
0375,0375,0242,0195
0376,0376,0074,0154
0377,0377,0156,0141
0378,0378,0074,0217
0379,0379,0163,0148
0380,0380,0243,0218
0381,0381,0244,0219
0382,0382,0096,0084
0383,0383,0245,0220
0384,0384,0074,0135
0385,0385,0246,0221
0386,0386,0247,0222
0387,0387,0071,0002
0388,0388,0119,0105
0389,0389,0147,0223
0390,0390,0248,0104
0391,0391,0031,0002
0392,0392,0070,0224
0393,0393,0249,0002
0394,0394,0032,0028
0395,0395,0185,0162
0396,0396,0250,0225
0397,0397,0070,0108
0398,0398,0079,0002
0399,0399,0079,0071
0400,0400,0197,0174
0401,0401,0251,0226
0402,0402,0070,0063
0403,0403,0252,0227
0404,0404,0253,0228
0405,0405,0018,0017
0406,0406,0076,0002
0407,0407,0254,0097
0408,0408,0053,0002
0409,0409,0255,0229
0410,0410,0074,0230
0411,0411,0128,0112
0412,0412,0031,0002
0413,0413,0256,0002
0414,0414,0047,0231
0415,0415,0077,0002
0416,0416,0077,0002
0417,0417,0257,0232
0418,0418,0080,0072
0419,0419,0258,0233
0420,0420,0259,0234
0421,0421,0260,0109
0422,0422,0261,0002
0423,0423,0074,0119
0424,0424,0262,0235
0425,0425,0037,0033
0426,0426,0263,0236
0427,0427,0071,0002
0428,0428,0147,0223
0429,0429,0047,0002
0430,0430,0264,0237
0431,0431,0031,0002
0432,0432,0265,0238
0433,0433,0266,0239
0434,0434,0113,0100
0435,0435,0267,0240
0436,0436,0047,0002
0437,0437,0228,0071
0438,0438,0213,0002
0439,0439,0213,0002
0440,0440,0213,0241
0441,0441,0186,0164
0442,0442,0268,0242
0443,0443,0269,0243
0444,0444,0270,0002
0445,0445,0271,0244
0446,0446,0147,0132
0447,0447,0272,0245
0448,0448,0273,0246
0449,0449,0274,0247
0450,0450,0275,0248
0451,0451,0147,0132
0452,0452,0276,0249
0453,0453,0120,0002
0454,0454,0216,0162
0455,0455,0277,0250
0456,0456,0079,0071
0457,0457,0278,0021
0458,0458,0279,0251
0459,0459,0280,0252
0460,0460,0236,0212
0461,0461,0281,0253
0462,0462,0076,0002
0463,0463,0282,0002
0464,0464,0201,0104
0465,0465,0283,0254
0466,0466,0284,0255
0467,0467,0285,0256
0468,0468,0228,0071
0469,0469,0286,0257
0470,0470,0047,0002
0471,0471,0287,0258
0472,0472,0288,0259
0473,0473,0289,0260
0474,0474,0241,0261
0475,0475,0290,0262
0476,0476,0291,0263
0477,0477,0099,0017
0478,0478,0292,0264
0479,0479,0074,0205
0480,0480,0079,0071
0481,0481,0189,0167
0482,0482,0197,0174
0483,0483,0293,0265
0484,0484,0261,0002
0485,0485,0197,0174
0486,0486,0109,0063
0487,0487,0076,0002
0488,0488,0294,0266
0489,0489,0031,0002
0490,0490,0295,0267
0491,0491,0031,0002
0492,0492,0296,0002
0493,0493,0297,0268
0494,0494,0213,0002
0495,0495,0298,0269
0496,0496,0299,0002
0497,0497,0186,0164
0498,0498,0186,0167
0499,0499,0189,0167
0500,0500,0300,0270
0501,0501,0301,0271
0502,0502,0074,0154
0503,0503,0271,0272
0504,0504,0302,0273
0505,0505,0281,0274
0506,0506,0147,0132
0507,0507,0303,0275
0508,0508,0304,0276
0509,0509,0305,0277
0510,0510,0209,0184
0511,0511,0306,0278
0512,0512,0254,0097
0513,0513,0307,0178
0514,0514,0079,0071
0515,0515,0047,0002
0516,0516,0074,0279
0517,0517,0074,0280
0518,0518,0228,0071
0519,0519,0308,0281
0520,0520,0309,0282
0521,0521,0310,0283
0522,0522,0047,0284
0523,0523,0070,0063
0524,0524,0047,0002
0525,0525,0311,0285
0526,0526,0228,0071
0527,0527,0185,0002
0528,0528,0297,0002
0529,0529,0077,0002
0530,0530,0077,0002
0531,0531,0213,0063
0532,0532,0312,0286
0533,0533,0185,0162
0534,0534,0186,0164
0535,0535,0313,0287
0536,0536,0079,0002
0537,0537,0093,0082
0538,0538,0314,0163
0539,0539,0315,0288
0540,0540,0316,0289
0541,0541,0317,0290
0542,0542,0318,0291
0543,0543,0319,0292
0544,0544,0320,0293
0545,0545,0046,0083
0546,0546,0321,0294
0547,0547,0147,0295
0548,0548,0147,0223
0549,0549,0110,0002
0550,0550,0079,0002
0551,0551,0047,0002
0552,0552,0180,0296
0553,0553,0166,0002
0554,0554,0322,0297
0555,0555,0323,0298
0556,0556,0324,0299
0557,0557,0296,0002
0558,0558,0297,0002
0559,0559,0185,0162
0560,0560,0038,0300
0561,0561,0156,0141
0562,0562,0189,0167
0563,0563,0325,0301
0564,0564,0326,0302
0565,0565,0271,0244
0566,0566,0119,0105
0567,0567,0327,0303
0568,0568,0328,0304
0569,0569,0329,0305
0570,0570,0147,0223
0571,0571,0330,0306
0572,0572,0079,0071
0573,0573,0331,0307
0574,0574,0332,0308
0575,0575,0333,0309
0576,0576,0113,0100
0577,0577,0287,0258
0578,0578,0334,0310
0579,0579,0335,0311
0580,0580,0259,0312
0581,0581,0336,0313
0582,0582,0337,0314
0583,0583,0338,0315
0584,0584,0339,0316
0585,0585,0338,0315
0586,0586,0340,0317
0587,0587,0341,0318
0588,0588,0163,0148
0589,0589,0023,0022
0590,0590,0189,0167
0591,0591,0342,0319
0592,0592,0343,0320
0593,0593,0079,0071
0594,0594,0344,0321
0595,0595,0118,0104
0596,0596,0345,0002
0597,0597,0076,0002
0598,0598,0076,0002
0599,0599,0018,0017
0600,0600,0346,0322
0601,0601,0347,0323
0602,0602,0348,0324
0603,0603,0349,0325
0604,0604,0228,0071
0605,0605,0296,0002
0606,0606,0350,0326
0607,0607,0077,0002
0608,0608,0189,0164
0609,0609,0189,0167
0610,0610,0351,0327
0611,0611,0325,0301
0612,0612,0352,0075
0613,0613,0126,0002
0614,0614,0197,0174
0615,0615,0353,0328
0616,0616,0354,0329
0617,0617,0355,0137
0618,0618,0356,0330
0619,0619,0357,0331
0620,0620,0358,0109
0621,0621,0359,0332
0622,0622,0360,0333
0623,0623,0047,0002
0624,0624,0361,0002
0625,0625,0362,0163
0626,0626,0183,0162
0627,0627,0363,0334
0628,0628,0364,0335
0629,0629,0365,0336
0630,0630,0077,0002
0631,0631,0085,0075
0632,0632,0213,0002
0633,0633,0297,0002
0634,0634,0338,0315
0635,0635,0366,0337
0636,0636,0367,0002
0637,0637,0368,0338
0638,0638,0261,0002
0639,0639,0369,0339
0640,0640,0216,0162
0641,0641,0370,0340
0642,0642,0371,0136
0643,0643,0372,0083
0644,0644,0109,0063
0645,0645,0053,0341
0646,0646,0373,0002
0647,0647,0070,0063
0648,0648,0070,0063
0649,0649,0047,0002
0650,0650,0374,0342
0651,0651,0375,0343
0652,0652,0228,0071
0653,0653,0376,0344
0654,0654,0186,0164
0655,0655,0339,0345
0656,0656,0377,0123
0657,0657,0232,0039
0658,0658,0216,0162
0659,0659,0370,0340
0660,0660,0378,0346
0661,0661,0379,0347
0662,0662,0380,0348
0663,0663,0182,0160
0664,0664,0170,0152
0665,0665,0047,0002
0666,0666,0045,0349
0667,0667,0381,0350
0668,0668,0382,0351
0669,0669,0383,0352
0670,0670,0384,0108
0671,0671,0203,0178
0672,0672,0228,0071
0673,0673,0296,0002
0674,0674,0385,0002
0675,0675,0386,0353
0676,0676,0156,0141
0677,0677,0336,0313
0678,0678,0338,0315
0679,0679,0387,0354
0680,0680,0079,0002
0681,0681,0388,0355
0682,0682,0261,0002
0683,0683,0389,0356
0684,0684,0197,0174
0685,0685,0018,0211
0686,0686,0357,0331
0687,0687,0390,0357
0688,0688,0053,0002
0689,0689,0182,0160
0690,0690,0153,0139
0691,0691,0373,0002
0692,0692,0079,0002
0693,0693,0391,0358
0694,0694,0392,0359
0695,0695,0393,0360
0696,0696,0394,0139
0697,0697,0395,0361
0698,0698,0396,0362
0699,0699,0397,0363
0700,0700,0398,0364
0701,0701,0399,0365
0702,0702,0074,0366
0703,0703,0400,0367
0704,0704,0047,0002
0705,0705,0213,0002
0706,0706,0023,0022
0707,0707,0401,0368
0708,0708,0367,0002
0709,0709,0189,0167
0710,0710,0163,0148
0711,0711,0104,0092
0712,0712,0402,0369
0713,0713,0197,0174
0714,0714,0261,0002
0715,0715,0403,0370
0716,0716,0404,0321
0717,0717,0197,0174
0718,0718,0118,0104
0719,0719,0053,0341
0720,0720,0018,0017
0721,0721,0405,0371
0722,0722,0406,0372
0723,0723,0248,0104
0724,0724,0047,0002
0725,0725,0407,0373
0726,0726,0408,0002
0727,0727,0409,0374
0728,0728,0410,0375
0729,0729,0411,0139
0730,0730,0113,0100
0731,0731,0412,0376
0732,0732,0413,0377
0733,0733,0414,0378
0734,0734,0074,0379
0735,0735,0415,0380
0736,0736,0416,0381
0737,0737,0259,0234
0738,0738,0197,0174
0739,0739,0417,0382
0740,0740,0272,0086
0741,0741,0418,0383
0742,0742,0197,0174
0743,0743,0419,0384
0744,0744,0420,0385
0745,0745,0031,0002
0746,0746,0421,0386
0747,0747,0422,0295
0748,0748,0423,0139
0749,0749,0374,0342
0750,0750,0361,0002
0751,0751,0424,0387
0752,0752,0425,0172
0753,0753,0047,0002
0754,0754,0228,0071
0755,0755,0426,0388
0756,0756,0297,0002
0757,0757,0186,0167
0758,0758,0140,0123
0759,0759,0427,0389
0760,0760,0428,0390
0761,0761,0429,0002
0762,0762,0197,0174
0763,0763,0216,0162
0764,0764,0272,0086
0765,0765,0430,0002
0766,0766,0261,0002
0767,0767,0431,0136
0768,0768,0253,0228
0769,0769,0181,0391
0770,0770,0432,0392
0771,0771,0433,0393
0772,0772,0047,0002
0773,0773,0434,0394
0774,0774,0435,0087
0775,0775,0436,0395
0776,0776,0437,0396
0777,0777,0213,0002
0778,0778,0339,0397
0779,0779,0141,0002
0780,0780,0186,0167
0781,0781,0197,0174
0782,0782,0438,0398
0783,0783,0439,0399
0784,0784,0440,0400
0785,0785,0441,0002
0786,0786,0442,0401
0787,0787,0031,0002
0788,0788,0393,0360
0789,0789,0443,0402
0790,0790,0444,0403
0791,0791,0323,0298
0792,0792,0445,0404
0793,0793,0296,0002
0794,0794,0212,0405
0795,0795,0446,0406
0796,0796,0446,0406
0797,0797,0189,0167
0798,0798,0447,0407
0799,0799,0448,0408
0800,0800,0449,0409
0801,0801,0450,0383
0802,0802,0451,0410
0803,0803,0216,0162
0804,0804,0109,0063
0805,0805,0452,0411
0806,0806,0079,0002
0807,0807,0453,0412
0808,0808,0169,0151
0809,0809,0454,0413
0810,0810,0288,0414
0811,0811,0455,0415
0812,0812,0456,0416
0813,0813,0457,0417
0814,0814,0241,0418
0815,0815,0297,0268
0816,0816,0232,0419
0817,0817,0337,0314
0818,0818,0023,0022
0819,0819,0458,0420
0820,0820,0459,0421
0821,0821,0460,0273
0822,0822,0461,0422
0823,0823,0167,0002
0824,0824,0462,0002
0825,0825,0110,0002
0826,0826,0227,0423
0827,0827,0264,0424
0828,0828,0463,0425
0829,0829,0464,0426
0830,0830,0465,0427
0831,0831,0266,0239
0832,0832,0466,0428
0833,0833,0213,0241
0834,0834,0338,0315
0835,0835,0080,0072
0836,0836,0467,0429
0837,0837,0468,0430
0838,0838,0160,0145
0839,0839,0197,0174
0840,0840,0197,0174
0841,0841,0469,0431
0842,0842,0470,0432
0843,0843,0098,0245
0844,0844,0438,0398
0845,0845,0471,0433
0846,0846,0472,0002
0847,0847,0473,0383
0848,0848,0197,0174
0849,0849,0474,0434
0850,0850,0475,0435
0851,0851,0079,0071
0852,0852,0031,0002
0853,0853,0307,0178
0854,0854,0128,0112
0855,0855,0476,0436
0856,0856,0477,0437
0857,0857,0478,0438
0858,0858,0213,0002
0859,0859,0032,0002
0860,0860,0336,0313
0861,0861,0271,0439
0862,0862,0440,0400
0863,0863,0441,0002
0864,0864,0479,0440
0865,0865,0480,0441
0866,0866,0481,0442
0867,0867,0332,0308
0868,0868,0482,0443
0869,0869,0047,0002
0870,0870,0297,0071
0871,0871,0186,0164
0872,0872,0336,0313
0873,0873,0338,0315
0874,0874,0272,0245
0875,0875,0483,0444
0876,0876,0214,0445
0877,0877,0079,0002
0878,0878,0197,0174
0879,0879,0484,0446
0880,0880,0485,0136
0881,0881,0197,0174
0882,0882,0167,0002
0883,0883,0474,0434
0884,0884,0163,0148
0885,0885,0053,0341
0886,0886,0486,0447
0887,0887,0487,0448
0888,0888,0488,0391
0889,0889,0409,0374
0890,0890,0489,0449
0891,0891,0490,0450
0892,0892,0491,0451
0893,0893,0287,0258
0894,0894,0492,0452
0895,0895,0296,0002
0896,0896,0493,0453
0897,0897,0232,0454
0898,0898,0087,0455
0899,0899,0442,0401
0900,0900,0494,0456
0901,0901,0495,0383
0902,0902,0496,0457
0903,0903,0197,0160
0904,0904,0248,0104
0905,0905,0488,0391
0906,0906,0497,0458
0907,0907,0498,0459
0908,0908,0204,0179
0909,0909,0185,0002
0910,0910,0116,0460
0911,0911,0337,0314
0912,0912,0499,0461
0913,0913,0377,0123
0914,0914,0337,0462
0915,0915,0500,0463
0916,0916,0501,0464
0917,0917,0502,0465
0918,0918,0503,0383
0919,0919,0504,0063
0920,0920,0505,0466
0921,0921,0506,0032
0922,0922,0507,0467
0923,0923,0508,0468
0924,0924,0509,0373
0925,0925,0510,0469
0926,0926,0511,0470
0927,0927,0512,0471
0928,0928,0513,0472
0929,0929,0514,0473
0930,0930,0515,0195
0931,0931,0516,0178
0932,0932,0517,0474
0933,0933,0297,0002
0934,0934,0077,0002
0935,0935,0187,0165
0936,0936,0281,0253
0937,0937,0518,0475
0938,0938,0098,0245
0939,0939,0519,0476
0940,0940,0520,0383
0941,0941,0197,0174
0942,0942,0159,0477
0943,0943,0475,0435
0944,0944,0053,0002
0945,0945,0170,0314
0946,0946,0521,0478
0947,0947,0522,0479
0948,0948,0047,0480
0949,0949,0213,0002
0950,0950,0032,0002
0951,0951,0079,0071
0952,0952,0140,0123
0953,0953,0523,0481
0954,0954,0524,0482
0955,0955,0272,0245
0956,0956,0307,0178
0957,0957,0525,0483
0958,0958,0526,0383
0959,0959,0280,0252
0960,0960,0443,0402
0961,0961,0527,0484
0962,0962,0415,0380
0963,0963,0528,0485
0964,0964,0197,0174
0965,0965,0529,0486
0966,0966,0098,0245
0967,0967,0066,0487
0968,0968,0530,0488
0969,0969,0531,0489
0970,0970,0147,0295
0971,0971,0532,0490
0972,0972,0533,0491
0973,0973,0534,0492
0974,0974,0224,0199
0975,0975,0438,0398
0976,0976,0236,0022
0977,0977,0370,0340
0978,0978,0535,0483
0979,0979,0355,0137
0980,0980,0536,0493
0981,0981,0109,0063
0982,0982,0537,0494
0983,0983,0443,0402
0984,0984,0219,0193
0985,0985,0538,0495
0986,0986,0077,0002
0987,0987,0539,0496
0988,0988,0540,0497
0989,0989,0541,0486
0990,0990,0542,0498
0991,0991,0543,0137
0992,0992,0544,0017
0993,0993,0209,0184
0994,0994,0545,0499
0995,0995,0546,0500
0996,0996,0547,0501
0997,0997,0548,0232
0998,0998,0549,0002
0999,0999,0246,0221
1000,1000,0313,0287
1001,1001,0246,0502
1002,1002,0160,0145
1003,1003,0079,0002
1004,1004,0119,0105
1005,1005,0528,0503
1006,1006,0280,0504
1007,1007,0261,0002
1008,1008,0550,0505
1009,1009,0551,0051
1010,1010,0552,0506
1011,1011,0553,0162
1012,1012,0554,0507
1013,1013,0555,0172
1014,1014,0556,0508
1015,1015,0232,0419
1016,1016,0557,0509
1017,1017,0558,0510
1018,1018,0559,0511
1019,1019,0076,0002
1020,1020,0560,0512
1021,1021,0307,0178
1022,1022,0561,0513
1023,1023,0197,0174
1024,1024,0167,0002
1025,1025,0118,0104
1026,1026,0562,0514
1027,1027,0563,0515
1028,1028,0564,0516
1029,1029,0565,0517
1030,1030,0185,0162
1031,1031,0351,0327
1032,1032,0018,0017
1033,1033,0566,0518
1034,1034,0567,0519
1035,1035,0568,0520
1036,1036,0296,0002
1037,1037,0213,0241
1038,1038,0569,0521
1039,1039,0570,0522
1040,1040,0180,0296
1041,1041,0529,0486
1042,1042,0571,0523
1043,1043,0057,0049
1044,1044,0272,0245
1045,1045,0236,0022
1046,1046,0018,0017
1047,1047,0572,0524
1048,1048,0573,0525
1049,1049,0031,0002
1050,1050,0574,0526
1051,1051,0136,0118
1052,1052,0147,0132
1053,1053,0163,0148
1054,1054,0536,0493
1055,1055,0575,0232
1056,1056,0071,0002
1057,1057,0576,0527
1058,1058,0517,0474
1059,1059,0517,0474
1060,1060,0297,0002
1061,1061,0577,0528
1062,1062,0578,0529
1063,1063,0579,0530
1064,1064,0197,0174
1065,1065,0452,0411
1066,1066,0580,0531
1067,1067,0077,0002
1068,1068,0297,0002
1069,1069,0581,0532
1070,1070,0582,0533
1071,1071,0583,0534
1072,1072,0584,0535
1073,1073,0246,0536
1074,1074,0585,0537
1075,1075,0504,0063
1076,1076,0506,0032
1077,1077,0076,0002
1078,1078,0586,0538
1079,1079,0587,0539
1080,1080,0272,0245
1081,1081,0588,0540
1082,1082,0589,0541
1083,1083,0590,0542
1084,1084,0591,0543
1085,1085,0592,0544
1086,1086,0332,0308
1087,1087,0593,0545
1088,1088,0594,0546
1089,1089,0595,0547
1090,1090,0596,0548
1091,1091,0597,0549
1092,1092,0238,0213
1093,1093,0296,0002
1094,1094,0014,0070
1095,1095,0598,0550
1096,1096,0446,0551
1097,1097,0599,0232
1098,1098,0600,0552
1099,1099,0601,0553
1100,1100,0602,0554
1101,1101,0076,0002
1102,1102,0603,0002
1103,1103,0604,0555
1104,1104,0018,0211
1105,1105,0605,0556
1106,1106,0271,0244
1107,1107,0606,0557
1108,1108,0098,0245
1109,1109,0248,0104
1110,1110,0607,0558
1111,1111,0608,0559
1112,1112,0609,0560
1113,1113,0113,0100
1114,1114,0077,0002
1115,1115,0610,0002
1116,1116,0611,0561
1117,1117,0603,0002
1118,1118,0612,0562
1119,1119,0614,0563
1120,1120,0614,0564
1121,1121,0615,0565
1122,1122,0616,0566
1123,1123,0214,0189
1124,1124,0617,0567
1125,1125,0475,0435
1126,1126,0618,0568
1127,1127,0553,0162
1128,1128,0619,0558
1129,1129,0620,0569
1130,1130,0033,0029
1131,1131,0126,0002
1132,1132,0076,0002
1133,1133,0264,0424
1134,1134,0621,0507
1135,1135,0622,0570
1136,1136,0623,0571
1137,1137,0624,0558
1138,1138,0625,0385
1139,1139,0077,0002
1140,1140,0626,0572
1141,1141,0156,0141
1142,1142,0627,0573
1143,1143,0628,0574
1144,1144,0031,0002
1145,1145,0232,0419
1146,1146,0629,0575
1147,1147,0630,0576
1148,1148,0216,0162
1149,1149,0053,0002
1150,1150,0018,0577
1151,1151,0488,0391
1152,1152,0631,0578
1153,1153,0264,0424
1154,1154,0587,0579
1155,1155,0632,0580
1156,1156,0633,0581
1157,1157,0363,0582
1158,1158,0338,0315
1159,1159,0634,0583
1160,1160,0216,0162
1161,1161,0597,0549
1162,1162,0488,0391
1163,1163,0635,0584
1164,1164,0636,0585
1165,1165,0185,0162
1166,1166,0637,0586
1167,1167,0332,0308
1168,1168,0213,0002
1169,1169,0086,0076
1170,1170,0161,0587
1171,1171,0638,0588
1172,1172,0047,0002
1173,1173,0332,0308
1174,1174,0639,0589
1175,1175,0119,0105
1176,1176,0504,0063
1177,1177,0640,0590
1178,1178,0641,0591
1179,1179,0018,0592
1180,1180,0642,0593
1181,1181,0643,0594
1182,1182,0644,0595
1183,1183,0645,0596
1184,1184,0609,0560
1185,1185,0337,0314
1186,1186,0583,0534
1187,1187,0160,0145
1188,1188,0302,0273
1189,1189,0373,0002
1190,1190,0646,0597
1191,1191,0647,0598
1192,1192,0648,0599
1193,1193,0336,0313
1194,1194,0209,0184
1195,1195,0649,0600
1196,1196,0650,0601
1197,1197,0548,0232
1198,1198,0297,0002
1199,1199,0504,0063
1200,1200,0651,0602
1201,1201,0652,0603
1202,1202,0653,0604
1203,1203,0654,0605
1204,1204,0655,0606
1205,1205,0407,0373
1206,1206,0656,0607
1207,1207,0499,0608
1208,1208,0076,0002
1209,1209,0597,0549
1210,1210,0657,0609
1211,1211,0658,0610
1212,1212,0659,0611
1213,1213,0660,0612
1214,1214,0661,0613
1215,1215,0578,0529
1216,1216,0662,0002
1217,1217,0504,0063
1218,1218,0433,0614
1219,1219,0663,0615
1220,1220,0664,0616
1221,1221,0665,0002
1222,1222,0666,0435
1223,1223,0667,0617
1224,1224,0668,0618
1225,1225,0353,0328
1226,1226,0669,0619
1227,1227,0076,0002
1228,1228,0504,0063
1229,1229,0128,0112
1230,1230,0670,0620
1231,1231,0644,0595
1232,1232,0076,0002
1233,1233,0031,0002
1234,1234,0339,0621
1235,1235,0671,0622
1236,1236,0340,0317
1237,1237,0651,0602
1238,1238,0076,0002
1239,1239,0504,0063
1240,1240,0672,0623
1241,1241,0170,0152
1242,1242,0673,0624
1243,1243,0674,0002
1244,1244,0502,0465
1245,1245,0675,0625
1246,1246,0644,0595
1247,1247,0427,0389
1248,1248,0676,0626
1249,1249,0128,0112
1250,1250,0677,0627
1251,1251,0031,0002
1252,1252,0678,0628
1253,1253,0045,0629
1254,1254,0186,0164
1255,1255,0504,0063
1256,1256,0669,0630
1257,1257,0507,0467
1258,1258,0076,0069
1259,1259,0679,0631
1260,1260,0680,0632
1261,1261,0681,0633
1262,1262,0648,0599
1263,1263,0682,0418
1264,1264,0683,0634
1265,1265,0113,0100
1266,1266,0684,0418
1267,1267,0076,0002
1268,1268,0076,0069
1269,1269,0685,0635
1270,1270,0686,0636
1271,1271,0687,0637
1272,1272,0651,0602
1273,1273,0688,0599
1274,1274,0689,0002
1275,1275,0113,0100
1276,1276,0644,0261
1277,1277,0690,0601
1278,1278,0691,0638
1279,1279,0363,0639
1280,1280,0692,0640
1281,1281,0693,0641
1282,1282,0694,0642
1283,1283,0695,0558
1284,1284,0644,0261
1285,1285,0644,0418
1286,1286,0696,0643
1287,1287,0076,0002
1288,1288,0597,0549
1289,1289,0697,0413
1290,1290,0698,0644
1291,1291,0699,0645
1292,1292,0031,0002
1293,1293,0261,0002
1294,1294,0651,0602
1295,1295,0700,0435
1296,1296,0603,0002
1297,1297,0076,0002
1298,1298,0701,0646
1299,1299,0502,0465
1300,1300,0702,0647
1301,1301,0703,0648
1302,1302,0475,0435
1303,1303,0689,0002
1304,1304,0098,0086
1305,1305,0098,0086
1306,1306,0098,0086
1307,1307,0704,0649
1308,1308,0705,0650
1309,1309,0499,0608
1310,1310,0051,0044
1311,1311,0023,0022
1312,1312,0706,0651
1313,1313,0707,0652
1314,1314,0708,0653
1315,1315,0709,0654
1316,1316,0710,0655
1317,1317,0711,0656
1318,1318,0712,0653
1319,1319,0707,0652
1320,1320,0713,0657
1321,1321,0714,0658
1322,1322,0709,0659
1323,1323,0707,0657
1324,1324,0712,0653
1325,1325,0715,0660
1326,1326,0716,0661
1327,1327,0708,0662
1328,1328,0717,0653
1329,1329,0718,0109
1330,1330,0719,0663
1331,1331,0720,0664
1332,1332,0712,0653
1333,1333,0717,0653
1334,1334,0717,0656
1335,1335,0721,0665
1336,1336,0721,0665
1337,1337,0722,0666
1338,1338,0441,0002
1339,1339,0441,0002